10000 10001
2 4
2 1
3 7
3 4
3 1
5 4
5 1
6 7
6 4
6 1
11 4
11 1
12 1
14 7
14 4
14 1
16 8
16 7
16 4
16 1
17 1
22 8
22 7
22 4
22 1
25 15
25 13
25 10
25 9
25 8
25 7
25 4
25 1
26 1
28 1
34 7
34 4
34 1
36 1
37 4
37 1
40 4
40 1
42 7
42 4
42 1
46 4
46 1
47 7
47 4
47 1
48 8
48 7
48 4
48 1
49 4
49 1
54 1
56 1
57 1
58 4
58 1
62 4
62 1
63 4
63 1
66 7
66 4
66 1
68 4
68 1
73 8
73 7
73 4
73 1
74 9
74 8
74 7
74 4
74 1
79 4
79 1
80 8
80 7
80 4
80 1
81 8
81 7
81 4
81 1
83 4
83 1
84 8
84 7
84 4
84 1
86 1
87 1
89 1
92 4
92 1
96 4
96 1
98 1
99 8
99 7
99 4
99 1
101 4
101 1
103 13
103 10
103 9
103 8
103 7
103 4
103 1
109 4
109 1
112 7
112 4
112 1
115 1
116 8
116 7
116 4
116 1
119 4
119 1
124 8
124 7
124 4
124 1
125 7
125 4
125 1
127 1
128 4
128 1
129 1
133 4
133 1
134 8
134 7
134 4
134 1
137 7
137 4
137 1
138 8
138 7
138 4
138 1
144 1
145 9
145 8
145 7
145 4
145 1
146 4
146 1
149 10
149 9
149 8
149 7
149 4
149 1
150 4
150 1
153 7
153 4
153 1
154 1
161 8
161 7
161 4
161 1
162 1
163 1
167 1
170 7
170 4
170 1
174 4
174 1
175 1
177 4
177 1
178 1
180 1
182 7
182 4
182 1
189 4
189 1
192 7
192 4
192 1
193 7
193 4
193 1
194 7
194 4
194 1
198 4
198 1
199 1
201 1
202 9
202 8
202 7
202 4
202 1
203 8
203 7
203 4
203 1
206 1
210 4
210 1
214 4
214 1
216 7
216 4
216 1
221 4
221 1
224 4
224 1
225 4
225 1
227 8
227 7
227 4
227 1
230 7
230 4
230 1
233 4
233 1
235 4
235 1
237 1
238 1
239 4
239 1
246 7
246 4
246 1
251 9
251 8
251 7
251 4
251 1
252 1
257 1
260 1
263 7
263 4
263 1
264 7
264 4
264 1
267 1
270 13
270 10
270 9
270 8
270 7
270 4
270 1
271 7
271 4
271 1
273 1
276 7
276 4
276 1
278 4
278 1
279 7
279 4
279 1
280 9
280 8
280 7
280 4
280 1
281 7
281 4
281 1
283 1
284 7
284 4
284 1
286 9
286 8
286 7
286 4
286 1
287 1
289 7
289 4
289 1
291 1
293 1
296 4
296 1
297 7
297 4
297 1
298 1
299 1
308 4
308 1
314 7
314 4
314 1
315 4
315 1
319 1
320 1
322 4
322 1
324 7
324 4
324 1
326 4
326 1
328 4
328 1
333 1
335 7
335 4
335 1
337 4
337 1
339 9
339 8
339 7
339 4
339 1
340 7
340 4
340 1
342 1
343 1
349 13
349 10
349 9
349 8
349 7
349 4
349 1
355 7
355 4
355 1
359 8
359 7
359 4
359 1
360 1
366 1
367 4
367 1
368 7
368 4
368 1
371 8
371 7
371 4
371 1
372 1
373 1
376 4
376 1
378 4
378 1
380 1
381 4
381 1
388 1
391 4
391 1
392 1
394 7
394 4
394 1
395 1
399 7
399 4
399 1
403 7
403 4
403 1
405 4
405 1
407 7
407 4
407 1
409 1
411 1
414 1
415 4
415 1
416 8
416 7
416 4
416 1
417 4
417 1
418 10
418 9
418 8
418 7
418 4
418 1
420 8
420 7
420 4
420 1
421 4
421 1
422 1
425 4
425 1
427 9
427 8
427 7
427 4
427 1
428 4
428 1
431 7
431 4
431 1
433 7
433 4
433 1
435 4
435 1
437 1
440 7
440 4
440 1
441 4
441 1
443 7
443 4
443 1
445 7
445 4
445 1
448 1
450 8
450 7
450 4
450 1
451 4
451 1
455 4
455 1
461 7
461 4
461 1
468 7
468 4
468 1
473 7
473 4
473 1
476 1
478 1
482 7
482 4
482 1
483 1
485 4
485 1
488 7
488 4
488 1
490 8
490 7
490 4
490 1
491 1
493 7
493 4
493 1
495 1
496 4
496 1
497 4
497 1
513 4
513 1
528 10
528 9
528 8
528 7
528 4
528 1
531 4
531 1
532 4
532 1
534 7
534 4
534 1
536 9
536 8
536 7
536 4
536 1
537 7
537 4
537 1
540 8
540 7
540 4
540 1
541 4
541 1
545 7
545 4
545 1
557 1
558 4
558 1
563 4
563 1
565 4
565 1
566 7
566 4
566 1
567 4
567 1
568 4
568 1
571 4
571 1
572 9
572 8
572 7
572 4
572 1
573 7
573 4
573 1
575 4
575 1
576 4
576 1
579 7
579 4
579 1
580 1
582 4
582 1
585 1
586 4
586 1
587 8
587 7
587 4
587 1
591 7
591 4
591 1
592 1
594 4
594 1
599 1
600 7
600 4
600 1
601 4
601 1
603 7
603 4
603 1
605 1
608 1
610 4
610 1
611 1
612 1
614 4
614 1
617 4
617 1
618 7
618 4
618 1
623 4
623 1
625 4
625 1
627 4
627 1
632 1
634 4
634 1
637 4
637 1
638 7
638 4
638 1
639 4
639 1
642 1
643 7
643 4
643 1
645 1
646 1
651 7
651 4
651 1
652 1
656 1
664 7
664 4
664 1
668 4
668 1
669 4
669 1
676 4
676 1
677 4
677 1
678 7
678 4
678 1
681 10
681 9
681 8
681 7
681 4
681 1
685 7
685 4
685 1
688 1
690 1
693 8
693 7
693 4
693 1
697 1
699 1
700 8
700 7
700 4
700 1
702 1
703 7
703 4
703 1
705 1
706 4
706 1
709 8
709 7
709 4
709 1
711 4
711 1
713 9
713 8
713 7
713 4
713 1
714 9
714 8
714 7
714 4
714 1
715 4
715 1
723 1
726 7
726 4
726 1
730 7
730 4
730 1
732 1
734 1
736 9
736 8
736 7
736 4
736 1
738 1
741 8
741 7
741 4
741 1
744 1
747 4
747 1
750 4
750 1
754 4
754 1
759 1
761 8
761 7
761 4
761 1
762 4
762 1
768 1
770 1
772 1
775 7
775 4
775 1
776 1
778 7
778 4
778 1
780 8
780 7
780 4
780 1
781 7
781 4
781 1
783 4
783 1
786 7
786 4
786 1
788 1
791 4
791 1
793 7
793 4
793 1
794 1
796 10
796 9
796 8
796 7
796 4
796 1
797 8
797 7
797 4
797 1
798 1
807 1
811 4
811 1
812 4
812 1
814 1
816 1
818 1
821 8
821 7
821 4
821 1
822 8
822 7
822 4
822 1
823 4
823 1
825 4
825 1
828 8
828 7
828 4
828 1
830 8
830 7
830 4
830 1
835 8
835 7
835 4
835 1
836 4
836 1
838 4
838 1
842 8
842 7
842 4
842 1
843 1
845 4
845 1
846 7
846 4
846 1
847 1
848 1
850 7
850 4
850 1
852 1
854 1
856 7
856 4
856 1
859 1
860 4
860 1
866 9
866 8
866 7
866 4
866 1
868 1
869 7
869 4
869 1
870 4
870 1
873 8
873 7
873 4
873 1
874 1
877 4
877 1
883 4
883 1
887 4
887 1
888 7
888 4
888 1
891 4
891 1
892 7
892 4
892 1
893 1
894 4
894 1
897 7
897 4
897 1
899 4
899 1
900 8
900 7
900 4
900 1
903 1
910 4
910 1
911 1
913 4
913 1
916 7
916 4
916 1
917 4
917 1
922 1
924 1
926 1
935 7
935 4
935 1
939 1
940 4
940 1
948 4
948 1
950 8
950 7
950 4
950 1
951 1
952 1
954 8
954 7
954 4
954 1
957 1
959 4
959 1
961 8
961 7
961 4
961 1
962 4
962 1
968 7
968 4
968 1
970 4
970 1
971 1
972 7
972 4
972 1
974 4
974 1
978 4
978 1
979 10
979 9
979 8
979 7
979 4
979 1
980 4
980 1
989 7
989 4
989 1
991 19
991 15
991 13
991 10
991 9
991 8
991 7
991 4
991 1
996 4
996 1
998 1
999 4
999 1
1001 8
1001 7
1001 4
1001 1
1003 8
1003 7
1003 4
1003 1
1012 7
1012 4
1012 1
1022 4
1022 1
1024 7
1024 4
1024 1
1025 4
1025 1
1027 1
1029 4
1029 1
1032 7
1032 4
1032 1
1034 9
1034 8
1034 7
1034 4
1034 1
1036 9
1036 8
1036 7
1036 4
1036 1
1037 8
1037 7
1037 4
1037 1
1040 7
1040 4
1040 1
1042 1
1045 7
1045 4
1045 1
1051 4
1051 1
1053 1
1055 13
1055 10
1055 9
1055 8
1055 7
1055 4
1055 1
1058 9
1058 8
1058 7
1058 4
1058 1
1059 7
1059 4
1059 1
1060 1
1062 7
1062 4
1062 1
1065 4
1065 1
1071 4
1071 1
1072 1
1073 8
1073 7
1073 4
1073 1
1076 1
1077 4
1077 1
1079 1
1080 4
1080 1
1082 7
1082 4
1082 1
1083 1
1085 1
1086 1
1092 1
1094 4
1094 1
1097 4
1097 1
1100 8
1100 7
1100 4
1100 1
1103 7
1103 4
1103 1
1104 1
1107 8
1107 7
1107 4
1107 1
1108 4
1108 1
1109 4
1109 1
1110 1
1112 1
1115 1
1117 4
1117 1
1119 4
1119 1
1121 1
1123 4
1123 1
1125 1
1128 4
1128 1
1133 4
1133 1
1139 7
1139 4
1139 1
1141 1
1142 1
1145 4
1145 1
1148 8
1148 7
1148 4
1148 1
1152 8
1152 7
1152 4
1152 1
1154 1
1155 10
1155 9
1155 8
1155 7
1155 4
1155 1
1157 1
1158 4
1158 1
1160 10
1160 9
1160 8
1160 7
1160 4
1160 1
1162 9
1162 8
1162 7
1162 4
1162 1
1168 7
1168 4
1168 1
1170 4
1170 1
1171 4
1171 1
1172 8
1172 7
1172 4
1172 1
1175 4
1175 1
1179 8
1179 7
1179 4
1179 1
1180 4
1180 1
1183 4
1183 1
1185 4
1185 1
1191 7
1191 4
1191 1
1194 1
1199 7
1199 4
1199 1
1202 8
1202 7
1202 4
1202 1
1203 4
1203 1
1207 4
1207 1
1209 7
1209 4
1209 1
1210 4
1210 1
1211 4
1211 1
1212 7
1212 4
1212 1
1215 4
1215 1
1216 7
1216 4
1216 1
1217 8
1217 7
1217 4
1217 1
1219 4
1219 1
1221 9
1221 8
1221 7
1221 4
1221 1
1224 1
1225 4
1225 1
1233 1
1234 1
1235 4
1235 1
1236 1
1240 7
1240 4
1240 1
1241 7
1241 4
1241 1
1244 1
1245 1
1247 4
1247 1
1250 9
1250 8
1250 7
1250 4
1250 1
1252 8
1252 7
1252 4
1252 1
1255 1
1256 8
1256 7
1256 4
1256 1
1257 8
1257 7
1257 4
1257 1
1258 9
1258 8
1258 7
1258 4
1258 1
1259 7
1259 4
1259 1
1261 7
1261 4
1261 1
1262 1
1263 7
1263 4
1263 1
1265 4
1265 1
1266 7
1266 4
1266 1
1267 4
1267 1
1268 1
1272 7
1272 4
1272 1
1273 7
1273 4
1273 1
1275 1
1276 4
1276 1
1278 4
1278 1
1279 1
1280 1
1282 9
1282 8
1282 7
1282 4
1282 1
1283 1
1284 1
1287 7
1287 4
1287 1
1290 4
1290 1
1293 9
1293 8
1293 7
1293 4
1293 1
1294 4
1294 1
1295 7
1295 4
1295 1
1297 1
1299 4
1299 1
1304 1
1306 4
1306 1
1308 1
1312 1
1317 4
1317 1
1321 4
1321 1
1323 4
1323 1
1325 7
1325 4
1325 1
1327 1
1329 1
1331 8
1331 7
1331 4
1331 1
1334 4
1334 1
1337 1
1338 1
1344 1
1347 7
1347 4
1347 1
1348 4
1348 1
1350 1
1352 1
1354 4
1354 1
1356 4
1356 1
1359 4
1359 1
1360 1
1363 4
1363 1
1365 4
1365 1
1369 1
1371 1
1372 7
1372 4
1372 1
1373 7
1373 4
1373 1
1375 4
1375 1
1376 7
1376 4
1376 1
1378 1
1383 4
1383 1
1386 13
1386 10
1386 9
1386 8
1386 7
1386 4
1386 1
1389 1
1390 7
1390 4
1390 1
1391 4
1391 1
1393 9
1393 8
1393 7
1393 4
1393 1
1395 7
1395 4
1395 1
1398 1
1400 7
1400 4
1400 1
1401 1
1402 4
1402 1
1407 7
1407 4
1407 1
1408 1
1409 1
1412 7
1412 4
1412 1
1415 8
1415 7
1415 4
1415 1
1418 7
1418 4
1418 1
1419 1
1420 4
1420 1
1422 4
1422 1
1423 1
1425 4
1425 1
1426 1
1427 4
1427 1
1432 1
1433 4
1433 1
1434 8
1434 7
1434 4
1434 1
1443 1
1444 1
1445 7
1445 4
1445 1
1448 4
1448 1
1449 7
1449 4
1449 1
1450 4
1450 1
1451 7
1451 4
1451 1
1453 7
1453 4
1453 1
1455 4
1455 1
1456 4
1456 1
1457 7
1457 4
1457 1
1462 4
1462 1
1464 4
1464 1
1469 4
1469 1
1470 4
1470 1
1473 13
1473 10
1473 9
1473 8
1473 7
1473 4
1473 1
1477 10
1477 9
1477 8
1477 7
1477 4
1477 1
1480 1
1489 7
1489 4
1489 1
1493 8
1493 7
1493 4
1493 1
1494 7
1494 4
1494 1
1498 8
1498 7
1498 4
1498 1
1499 9
1499 8
1499 7
1499 4
1499 1
1504 8
1504 7
1504 4
1504 1
1505 1
1509 8
1509 7
1509 4
1509 1
1515 7
1515 4
1515 1
1516 1
1517 1
1519 1
1520 7
1520 4
1520 1
1522 1
1523 4
1523 1
1524 7
1524 4
1524 1
1527 4
1527 1
1528 8
1528 7
1528 4
1528 1
1529 1
1530 7
1530 4
1530 1
1537 4
1537 1
1538 4
1538 1
1539 4
1539 1
1541 8
1541 7
1541 4
1541 1
1542 4
1542 1
1544 4
1544 1
1546 10
1546 9
1546 8
1546 7
1546 4
1546 1
1547 1
1549 15
1549 13
1549 10
1549 9
1549 8
1549 7
1549 4
1549 1
1552 1
1555 1
1559 7
1559 4
1559 1
1563 8
1563 7
1563 4
1563 1
1566 1
1567 1
1568 4
1568 1
1569 1
1570 8
1570 7
1570 4
1570 1
1575 1
1578 4
1578 1
1580 7
1580 4
1580 1
1585 4
1585 1
1588 4
1588 1
1592 4
1592 1
1594 1
1595 1
1597 4
1597 1
1603 1
1604 4
1604 1
1606 7
1606 4
1606 1
1608 1
1609 1
1611 1
1613 8
1613 7
1613 4
1613 1
1614 9
1614 8
1614 7
1614 4
1614 1
1615 4
1615 1
1616 7
1616 4
1616 1
1618 4
1618 1
1620 4
1620 1
1621 1
1622 4
1622 1
1625 1
1634 4
1634 1
1636 7
1636 4
1636 1
1638 4
1638 1
1639 4
1639 1
1640 4
1640 1
1642 7
1642 4
1642 1
1646 1
1647 4
1647 1
1651 7
1651 4
1651 1
1652 1
1653 7
1653 4
1653 1
1654 1
1656 8
1656 7
1656 4
1656 1
1657 7
1657 4
1657 1
1659 7
1659 4
1659 1
1664 1
1670 1
1675 4
1675 1
1677 7
1677 4
1677 1
1680 9
1680 8
1680 7
1680 4
1680 1
1681 7
1681 4
1681 1
1684 4
1684 1
1685 7
1685 4
1685 1
1686 8
1686 7
1686 4
1686 1
1687 1
1688 1
1692 4
1692 1
1693 7
1693 4
1693 1
1694 4
1694 1
1695 8
1695 7
1695 4
1695 1
1698 4
1698 1
1700 1
1701 7
1701 4
1701 1
1703 9
1703 8
1703 7
1703 4
1703 1
1704 8
1704 7
1704 4
1704 1
1708 7
1708 4
1708 1
1709 7
1709 4
1709 1
1712 7
1712 4
1712 1
1713 8
1713 7
1713 4
1713 1
1714 7
1714 4
1714 1
1715 4
1715 1
1716 7
1716 4
1716 1
1721 4
1721 1
1723 4
1723 1
1726 4
1726 1
1728 4
1728 1
1733 1
1737 8
1737 7
1737 4
1737 1
1739 7
1739 4
1739 1
1741 4
1741 1
1742 4
1742 1
1745 4
1745 1
1748 10
1748 9
1748 8
1748 7
1748 4
1748 1
1749 9
1749 8
1749 7
1749 4
1749 1
1754 4
1754 1
1755 7
1755 4
1755 1
1765 1
1766 7
1766 4
1766 1
1768 1
1771 1
1772 10
1772 9
1772 8
1772 7
1772 4
1772 1
1773 1
1776 9
1776 8
1776 7
1776 4
1776 1
1778 9
1778 8
1778 7
1778 4
1778 1
1780 1
1781 1
1782 4
1782 1
1784 1
1786 4
1786 1
1791 1
1796 4
1796 1
1799 9
1799 8
1799 7
1799 4
1799 1
1800 1
1802 9
1802 8
1802 7
1802 4
1802 1
1804 1
1806 7
1806 4
1806 1
1810 4
1810 1
1813 8
1813 7
1813 4
1813 1
1814 4
1814 1
1818 1
1819 7
1819 4
1819 1
1823 8
1823 7
1823 4
1823 1
1824 4
1824 1
1826 1
1828 1
1830 7
1830 4
1830 1
1831 9
1831 8
1831 7
1831 4
1831 1
1834 1
1835 7
1835 4
1835 1
1840 4
1840 1
1842 1
1843 4
1843 1
1844 1
1847 1
1851 13
1851 10
1851 9
1851 8
1851 7
1851 4
1851 1
1852 1
1854 4
1854 1
1856 4
1856 1
1857 4
1857 1
1858 1
1860 7
1860 4
1860 1
1862 1
1864 7
1864 4
1864 1
1866 1
1867 4
1867 1
1871 4
1871 1
1872 4
1872 1
1873 9
1873 8
1873 7
1873 4
1873 1
1874 1
1877 4
1877 1
1880 7
1880 4
1880 1
1884 4
1884 1
1888 4
1888 1
1892 4
1892 1
1893 1
1894 7
1894 4
1894 1
1907 4
1907 1
1908 8
1908 7
1908 4
1908 1
1909 8
1909 7
1909 4
1909 1
1910 9
1910 8
1910 7
1910 4
1910 1
1911 8
1911 7
1911 4
1911 1
1912 8
1912 7
1912 4
1912 1
1913 9
1913 8
1913 7
1913 4
1913 1
1916 7
1916 4
1916 1
1918 8
1918 7
1918 4
1918 1
1919 4
1919 1
1922 1
1924 1
1927 8
1927 7
1927 4
1927 1
1928 1
1933 1
1935 4
1935 1
1939 4
1939 1
1942 8
1942 7
1942 4
1942 1
1945 1
1946 1
1947 8
1947 7
1947 4
1947 1
1948 1
1951 7
1951 4
1951 1
1952 7
1952 4
1952 1
1953 7
1953 4
1953 1
1954 7
1954 4
1954 1
1955 1
1958 7
1958 4
1958 1
1959 4
1959 1
1960 4
1960 1
1963 1
1966 4
1966 1
1969 8
1969 7
1969 4
1969 1
1977 7
1977 4
1977 1
1978 19
1978 15
1978 13
1978 10
1978 9
1978 8
1978 7
1978 4
1978 1
1979 9
1979 8
1979 7
1979 4
1979 1
1981 8
1981 7
1981 4
1981 1
1984 9
1984 8
1984 7
1984 4
1984 1
1985 4
1985 1
1987 4
1987 1
1989 7
1989 4
1989 1
1994 7
1994 4
1994 1
1996 7
1996 4
1996 1
2001 1
2002 4
2002 1
2003 1
2005 1
2007 1
2009 7
2009 4
2009 1
2010 8
2010 7
2010 4
2010 1
2013 4
2013 1
2016 7
2016 4
2016 1
2018 9
2018 8
2018 7
2018 4
2018 1
2020 8
2020 7
2020 4
2020 1
2022 7
2022 4
2022 1
2025 1
2026 8
2026 7
2026 4
2026 1
2028 8
2028 7
2028 4
2028 1
2030 8
2030 7
2030 4
2030 1
2033 4
2033 1
2034 4
2034 1
2035 8
2035 7
2035 4
2035 1
2037 1
2038 7
2038 4
2038 1
2040 4
2040 1
2044 1
2045 4
2045 1
2047 4
2047 1
2049 7
2049 4
2049 1
2050 4
2050 1
2053 1
2054 4
2054 1
2058 9
2058 8
2058 7
2058 4
2058 1
2061 9
2061 8
2061 7
2061 4
2061 1
2064 1
2065 7
2065 4
2065 1
2066 1
2070 7
2070 4
2070 1
2071 4
2071 1
2072 4
2072 1
2073 7
2073 4
2073 1
2077 1
2078 7
2078 4
2078 1
2081 1
2083 7
2083 4
2083 1
2084 13
2084 10
2084 9
2084 8
2084 7
2084 4
2084 1
2085 4
2085 1
2086 7
2086 4
2086 1
2088 4
2088 1
2089 1
2092 4
2092 1
2093 1
2095 4
2095 1
2102 7
2102 4
2102 1
2103 1
2104 1
2105 1
2108 7
2108 4
2108 1
2109 9
2109 8
2109 7
2109 4
2109 1
2111 4
2111 1
2112 1
2113 1
2114 7
2114 4
2114 1
2118 4
2118 1
2119 1
2121 4
2121 1
2125 1
2127 8
2127 7
2127 4
2127 1
2128 7
2128 4
2128 1
2129 4
2129 1
2136 4
2136 1
2137 8
2137 7
2137 4
2137 1
2138 7
2138 4
2138 1
2141 4
2141 1
2145 7
2145 4
2145 1
2146 7
2146 4
2146 1
2149 4
2149 1
2153 4
2153 1
2154 1
2158 4
2158 1
2161 4
2161 1
2163 7
2163 4
2163 1
2164 8
2164 7
2164 4
2164 1
2166 8
2166 7
2166 4
2166 1
2168 4
2168 1
2169 9
2169 8
2169 7
2169 4
2169 1
2170 1
2174 1
2175 1
2179 9
2179 8
2179 7
2179 4
2179 1
2181 10
2181 9
2181 8
2181 7
2181 4
2181 1
2182 9
2182 8
2182 7
2182 4
2182 1
2188 8
2188 7
2188 4
2188 1
2192 4
2192 1
2193 1
2194 4
2194 1
2197 8
2197 7
2197 4
2197 1
2199 8
2199 7
2199 4
2199 1
2204 7
2204 4
2204 1
2205 1
2206 1
2208 7
2208 4
2208 1
2209 8
2209 7
2209 4
2209 1
2210 4
2210 1
2217 7
2217 4
2217 1
2220 1
2221 8
2221 7
2221 4
2221 1
2222 9
2222 8
2222 7
2222 4
2222 1
2223 8
2223 7
2223 4
2223 1
2226 4
2226 1
2228 4
2228 1
2229 1
2230 8
2230 7
2230 4
2230 1
2231 4
2231 1
2234 1
2236 9
2236 8
2236 7
2236 4
2236 1
2237 4
2237 1
2238 1
2241 1
2245 7
2245 4
2245 1
2252 7
2252 4
2252 1
2256 8
2256 7
2256 4
2256 1
2257 4
2257 1
2259 7
2259 4
2259 1
2262 8
2262 7
2262 4
2262 1
2263 7
2263 4
2263 1
2264 4
2264 1
2266 7
2266 4
2266 1
2268 4
2268 1
2276 4
2276 1
2279 1
2281 7
2281 4
2281 1
2284 8
2284 7
2284 4
2284 1
2287 4
2287 1
2290 1
2291 7
2291 4
2291 1
2294 4
2294 1
2295 4
2295 1
2296 8
2296 7
2296 4
2296 1
2298 1
2300 1
2301 1
2304 4
2304 1
2308 1
2311 8
2311 7
2311 4
2311 1
2315 1
2316 7
2316 4
2316 1
2317 4
2317 1
2319 1
2322 7
2322 4
2322 1
2324 7
2324 4
2324 1
2325 1
2326 1
2328 1
2329 7
2329 4
2329 1
2330 1
2331 8
2331 7
2331 4
2331 1
2333 1
2335 8
2335 7
2335 4
2335 1
2339 4
2339 1
2341 9
2341 8
2341 7
2341 4
2341 1
2343 4
2343 1
2344 8
2344 7
2344 4
2344 1
2345 1
2347 7
2347 4
2347 1
2351 7
2351 4
2351 1
2354 4
2354 1
2355 7
2355 4
2355 1
2356 7
2356 4
2356 1
2357 7
2357 4
2357 1
2362 1
2363 1
2364 8
2364 7
2364 4
2364 1
2365 4
2365 1
2367 1
2369 1
2370 1
2371 15
2371 13
2371 10
2371 9
2371 8
2371 7
2371 4
2371 1
2372 4
2372 1
2375 7
2375 4
2375 1
2378 9
2378 8
2378 7
2378 4
2378 1
2379 4
2379 1
2380 8
2380 7
2380 4
2380 1
2382 7
2382 4
2382 1
2383 1
2384 1
2385 4
2385 1
2387 4
2387 1
2388 1
2390 4
2390 1
2395 7
2395 4
2395 1
2396 4
2396 1
2398 10
2398 9
2398 8
2398 7
2398 4
2398 1
2401 1
2408 4
2408 1
2410 4
2410 1
2413 7
2413 4
2413 1
2415 10
2415 9
2415 8
2415 7
2415 4
2415 1
2416 1
2419 1
2420 8
2420 7
2420 4
2420 1
2421 4
2421 1
2424 9
2424 8
2424 7
2424 4
2424 1
2426 4
2426 1
2433 1
2434 8
2434 7
2434 4
2434 1
2435 4
2435 1
2444 7
2444 4
2444 1
2445 10
2445 9
2445 8
2445 7
2445 4
2445 1
2446 1
2447 1
2450 1
2453 7
2453 4
2453 1
2456 8
2456 7
2456 4
2456 1
2458 1
2460 1
2463 7
2463 4
2463 1
2464 1
2468 7
2468 4
2468 1
2469 1
2472 4
2472 1
2473 1
2474 7
2474 4
2474 1
2475 7
2475 4
2475 1
2477 1
2478 1
2479 8
2479 7
2479 4
2479 1
2480 1
2485 1
2487 7
2487 4
2487 1
2489 8
2489 7
2489 4
2489 1
2490 7
2490 4
2490 1
2491 4
2491 1
2492 4
2492 1
2495 4
2495 1
2496 7
2496 4
2496 1
2497 8
2497 7
2497 4
2497 1
2498 4
2498 1
2501 1
2508 7
2508 4
2508 1
2510 7
2510 4
2510 1
2512 10
2512 9
2512 8
2512 7
2512 4
2512 1
2513 7
2513 4
2513 1
2516 1
2517 1
2519 1
2520 1
2522 8
2522 7
2522 4
2522 1
2525 1
2527 4
2527 1
2529 7
2529 4
2529 1
2531 9
2531 8
2531 7
2531 4
2531 1
2533 4
2533 1
2535 8
2535 7
2535 4
2535 1
2536 1
2540 4
2540 1
2541 1
2542 1
2543 7
2543 4
2543 1
2544 1
2545 1
2546 8
2546 7
2546 4
2546 1
2547 1
2549 4
2549 1
2550 7
2550 4
2550 1
2552 8
2552 7
2552 4
2552 1
2554 4
2554 1
2557 1
2558 1
2559 1
2560 4
2560 1
2561 4
2561 1
2562 4
2562 1
2563 1
2565 4
2565 1
2566 1
2568 1
2571 8
2571 7
2571 4
2571 1
2572 7
2572 4
2572 1
2573 8
2573 7
2573 4
2573 1
2576 9
2576 8
2576 7
2576 4
2576 1
2577 4
2577 1
2580 1
2581 7
2581 4
2581 1
2583 4
2583 1
2587 1
2589 1
2590 7
2590 4
2590 1
2599 4
2599 1
2608 4
2608 1
2609 1
2614 7
2614 4
2614 1
2617 7
2617 4
2617 1
2618 1
2622 4
2622 1
2623 7
2623 4
2623 1
2625 4
2625 1
2626 4
2626 1
2628 4
2628 1
2630 1
2631 4
2631 1
2633 7
2633 4
2633 1
2634 4
2634 1
2635 7
2635 4
2635 1
2636 4
2636 1
2637 1
2639 7
2639 4
2639 1
2640 9
2640 8
2640 7
2640 4
2640 1
2641 1
2642 8
2642 7
2642 4
2642 1
2643 8
2643 7
2643 4
2643 1
2650 1
2654 1
2656 1
2660 4
2660 1
2662 4
2662 1
2663 8
2663 7
2663 4
2663 1
2668 1
2669 1
2670 7
2670 4
2670 1
2671 8
2671 7
2671 4
2671 1
2672 7
2672 4
2672 1
2679 8
2679 7
2679 4
2679 1
2680 7
2680 4
2680 1
2687 1
2690 8
2690 7
2690 4
2690 1
2691 4
2691 1
2693 1
2694 7
2694 4
2694 1
2695 8
2695 7
2695 4
2695 1
2696 4
2696 1
2699 8
2699 7
2699 4
2699 1
2701 1
2702 4
2702 1
2715 4
2715 1
2718 1
2719 1
2720 7
2720 4
2720 1
2721 8
2721 7
2721 4
2721 1
2723 1
2724 7
2724 4
2724 1
2725 1
2727 4
2727 1
2730 4
2730 1
2732 4
2732 1
2734 4
2734 1
2735 7
2735 4
2735 1
2738 4
2738 1
2739 4
2739 1
2742 1
2743 1
2744 7
2744 4
2744 1
2749 8
2749 7
2749 4
2749 1
2751 1
2753 1
2754 1
2755 8
2755 7
2755 4
2755 1
2757 1
2762 1
2763 8
2763 7
2763 4
2763 1
2765 4
2765 1
2768 1
2770 7
2770 4
2770 1
2774 1
2775 4
2775 1
2778 7
2778 4
2778 1
2779 7
2779 4
2779 1
2780 1
2781 8
2781 7
2781 4
2781 1
2783 4
2783 1
2784 8
2784 7
2784 4
2784 1
2785 4
2785 1
2787 1
2789 10
2789 9
2789 8
2789 7
2789 4
2789 1
2790 1
2791 1
2794 4
2794 1
2796 4
2796 1
2797 8
2797 7
2797 4
2797 1
2800 4
2800 1
2801 7
2801 4
2801 1
2802 7
2802 4
2802 1
2806 4
2806 1
2808 4
2808 1
2811 4
2811 1
2812 9
2812 8
2812 7
2812 4
2812 1
2813 8
2813 7
2813 4
2813 1
2816 4
2816 1
2818 4
2818 1
2819 9
2819 8
2819 7
2819 4
2819 1
2820 4
2820 1
2825 7
2825 4
2825 1
2830 7
2830 4
2830 1
2832 1
2836 1
2842 4
2842 1
2850 1
2851 1
2852 1
2854 4
2854 1
2856 4
2856 1
2858 7
2858 4
2858 1
2859 9
2859 8
2859 7
2859 4
2859 1
2861 9
2861 8
2861 7
2861 4
2861 1
2862 4
2862 1
2865 1
2866 1
2867 7
2867 4
2867 1
2869 7
2869 4
2869 1
2872 4
2872 1
2874 7
2874 4
2874 1
2875 9
2875 8
2875 7
2875 4
2875 1
2877 4
2877 1
2879 7
2879 4
2879 1
2880 4
2880 1
2883 4
2883 1
2884 4
2884 1
2886 8
2886 7
2886 4
2886 1
2895 4
2895 1
2896 7
2896 4
2896 1
2897 4
2897 1
2898 4
2898 1
2900 4
2900 1
2903 4
2903 1
2905 1
2906 9
2906 8
2906 7
2906 4
2906 1
2907 8
2907 7
2907 4
2907 1
2909 1
2910 4
2910 1
2911 7
2911 4
2911 1
2914 7
2914 4
2914 1
2915 4
2915 1
2916 8
2916 7
2916 4
2916 1
2917 1
2918 1
2919 1
2924 1
2929 9
2929 8
2929 7
2929 4
2929 1
2936 1
2938 7
2938 4
2938 1
2941 7
2941 4
2941 1
2944 10
2944 9
2944 8
2944 7
2944 4
2944 1
2945 7
2945 4
2945 1
2948 8
2948 7
2948 4
2948 1
2955 4
2955 1
2956 4
2956 1
2957 1
2958 1
2959 4
2959 1
2960 4
2960 1
2963 7
2963 4
2963 1
2964 1
2965 9
2965 8
2965 7
2965 4
2965 1
2966 1
2967 10
2967 9
2967 8
2967 7
2967 4
2967 1
2976 8
2976 7
2976 4
2976 1
2977 4
2977 1
2982 9
2982 8
2982 7
2982 4
2982 1
2986 4
2986 1
2987 8
2987 7
2987 4
2987 1
2990 4
2990 1
2993 4
2993 1
2996 4
2996 1
3001 4
3001 1
3007 9
3007 8
3007 7
3007 4
3007 1
3009 10
3009 9
3009 8
3009 7
3009 4
3009 1
3010 4
3010 1
3013 7
3013 4
3013 1
3016 10
3016 9
3016 8
3016 7
3016 4
3016 1
3024 1
3026 9
3026 8
3026 7
3026 4
3026 1
3030 1
3031 1
3034 4
3034 1
3035 1
3039 4
3039 1
3043 1
3044 8
3044 7
3044 4
3044 1
3046 1
3053 8
3053 7
3053 4
3053 1
3054 4
3054 1
3055 1
3056 9
3056 8
3056 7
3056 4
3056 1
3058 4
3058 1
3059 7
3059 4
3059 1
3060 9
3060 8
3060 7
3060 4
3060 1
3064 10
3064 9
3064 8
3064 7
3064 4
3064 1
3065 7
3065 4
3065 1
3067 8
3067 7
3067 4
3067 1
3068 1
3069 4
3069 1
3071 1
3072 1
3073 7
3073 4
3073 1
3075 7
3075 4
3075 1
3077 7
3077 4
3077 1
3078 8
3078 7
3078 4
3078 1
3080 8
3080 7
3080 4
3080 1
3081 1
3090 7
3090 4
3090 1
3091 9
3091 8
3091 7
3091 4
3091 1
3092 7
3092 4
3092 1
3093 1
3096 4
3096 1
3098 9
3098 8
3098 7
3098 4
3098 1
3099 1
3103 4
3103 1
3105 7
3105 4
3105 1
3106 1
3108 9
3108 8
3108 7
3108 4
3108 1
3109 4
3109 1
3110 1
3112 7
3112 4
3112 1
3113 4
3113 1
3114 1
3116 10
3116 9
3116 8
3116 7
3116 4
3116 1
3117 1
3119 4
3119 1
3121 8
3121 7
3121 4
3121 1
3124 7
3124 4
3124 1
3125 1
3131 4
3131 1
3132 4
3132 1
3137 4
3137 1
3139 9
3139 8
3139 7
3139 4
3139 1
3140 8
3140 7
3140 4
3140 1
3143 7
3143 4
3143 1
3144 1
3145 1
3149 4
3149 1
3150 1
3151 1
3152 7
3152 4
3152 1
3153 1
3156 4
3156 1
3157 7
3157 4
3157 1
3158 4
3158 1
3159 8
3159 7
3159 4
3159 1
3160 8
3160 7
3160 4
3160 1
3163 7
3163 4
3163 1
3164 4
3164 1
3166 7
3166 4
3166 1
3167 4
3167 1
3168 4
3168 1
3169 1
3171 4
3171 1
3173 1
3177 4
3177 1
3180 7
3180 4
3180 1
3182 4
3182 1
3189 8
3189 7
3189 4
3189 1
3191 1
3194 7
3194 4
3194 1
3195 7
3195 4
3195 1
3197 4
3197 1
3198 1
3200 4
3200 1
3202 4
3202 1
3205 4
3205 1
3206 8
3206 7
3206 4
3206 1
3208 4
3208 1
3210 1
3212 1
3213 1
3218 1
3219 4
3219 1
3220 7
3220 4
3220 1
3222 1
3224 7
3224 4
3224 1
3225 7
3225 4
3225 1
3226 1
3227 1
3229 4
3229 1
3231 9
3231 8
3231 7
3231 4
3231 1
3241 7
3241 4
3241 1
3245 4
3245 1
3246 1
3248 7
3248 4
3248 1
3249 15
3249 13
3249 10
3249 9
3249 8
3249 7
3249 4
3249 1
3250 4
3250 1
3251 4
3251 1
3256 9
3256 8
3256 7
3256 4
3256 1
3257 1
3259 1
3261 8
3261 7
3261 4
3261 1
3262 4
3262 1
3263 9
3263 8
3263 7
3263 4
3263 1
3264 8
3264 7
3264 4
3264 1
3265 8
3265 7
3265 4
3265 1
3266 7
3266 4
3266 1
3269 1
3271 8
3271 7
3271 4
3271 1
3272 9
3272 8
3272 7
3272 4
3272 1
3273 4
3273 1
3274 7
3274 4
3274 1
3277 4
3277 1
3278 7
3278 4
3278 1
3280 7
3280 4
3280 1
3283 1
3284 7
3284 4
3284 1
3287 4
3287 1
3288 1
3289 1
3291 4
3291 1
3296 7
3296 4
3296 1
3298 4
3298 1
3299 4
3299 1
3300 4
3300 1
3305 8
3305 7
3305 4
3305 1
3308 8
3308 7
3308 4
3308 1
3310 7
3310 4
3310 1
3311 7
3311 4
3311 1
3313 7
3313 4
3313 1
3314 1
3315 7
3315 4
3315 1
3316 7
3316 4
3316 1
3317 1
3320 4
3320 1
3321 4
3321 1
3322 4
3322 1
3323 4
3323 1
3325 7
3325 4
3325 1
3326 1
3327 4
3327 1
3330 8
3330 7
3330 4
3330 1
3332 1
3337 4
3337 1
3339 4
3339 1
3340 7
3340 4
3340 1
3342 1
3343 4
3343 1
3344 4
3344 1
3345 1
3347 1
3351 4
3351 1
3352 7
3352 4
3352 1
3355 4
3355 1
3357 4
3357 1
3361 7
3361 4
3361 1
3362 10
3362 9
3362 8
3362 7
3362 4
3362 1
3363 9
3363 8
3363 7
3363 4
3363 1
3365 9
3365 8
3365 7
3365 4
3365 1
3366 7
3366 4
3366 1
3370 8
3370 7
3370 4
3370 1
3371 9
3371 8
3371 7
3371 4
3371 1
3372 1
3374 4
3374 1
3375 7
3375 4
3375 1
3378 4
3378 1
3379 4
3379 1
3382 7
3382 4
3382 1
3383 8
3383 7
3383 4
3383 1
3384 7
3384 4
3384 1
3385 4
3385 1
3388 7
3388 4
3388 1
3389 7
3389 4
3389 1
3390 7
3390 4
3390 1
3392 1
3393 7
3393 4
3393 1
3396 7
3396 4
3396 1
3398 4
3398 1
3399 4
3399 1
3400 1
3403 4
3403 1
3407 8
3407 7
3407 4
3407 1
3408 7
3408 4
3408 1
3413 9
3413 8
3413 7
3413 4
3413 1
3415 7
3415 4
3415 1
3416 4
3416 1
3418 4
3418 1
3422 1
3423 4
3423 1
3425 4
3425 1
3427 4
3427 1
3430 9
3430 8
3430 7
3430 4
3430 1
3436 4
3436 1
3440 9
3440 8
3440 7
3440 4
3440 1
3447 7
3447 4
3447 1
3451 1
3452 4
3452 1
3454 8
3454 7
3454 4
3454 1
3455 4
3455 1
3456 10
3456 9
3456 8
3456 7
3456 4
3456 1
3457 4
3457 1
3460 4
3460 1
3464 7
3464 4
3464 1
3466 1
3469 7
3469 4
3469 1
3471 7
3471 4
3471 1
3473 4
3473 1
3474 4
3474 1
3476 8
3476 7
3476 4
3476 1
3478 4
3478 1
3479 7
3479 4
3479 1
3480 8
3480 7
3480 4
3480 1
3481 7
3481 4
3481 1
3483 1
3485 4
3485 1
3490 4
3490 1
3492 7
3492 4
3492 1
3493 4
3493 1
3495 7
3495 4
3495 1
3497 8
3497 7
3497 4
3497 1
3499 4
3499 1
3500 1
3503 1
3504 7
3504 4
3504 1
3505 4
3505 1
3508 4
3508 1
3510 8
3510 7
3510 4
3510 1
3516 1
3519 7
3519 4
3519 1
3527 8
3527 7
3527 4
3527 1
3532 1
3534 4
3534 1
3536 7
3536 4
3536 1
3542 4
3542 1
3543 1
3544 7
3544 4
3544 1
3545 1
3548 7
3548 4
3548 1
3549 10
3549 9
3549 8
3549 7
3549 4
3549 1
3554 8
3554 7
3554 4
3554 1
3555 1
3557 4
3557 1
3559 7
3559 4
3559 1
3561 4
3561 1
3562 1
3569 4
3569 1
3570 7
3570 4
3570 1
3571 7
3571 4
3571 1
3572 4
3572 1
3576 8
3576 7
3576 4
3576 1
3577 4
3577 1
3579 4
3579 1
3580 4
3580 1
3581 7
3581 4
3581 1
3582 9
3582 8
3582 7
3582 4
3582 1
3585 7
3585 4
3585 1
3589 4
3589 1
3590 1
3591 4
3591 1
3593 4
3593 1
3595 1
3606 1
3609 1
3610 7
3610 4
3610 1
3612 7
3612 4
3612 1
3613 7
3613 4
3613 1
3614 1
3615 8
3615 7
3615 4
3615 1
3618 8
3618 7
3618 4
3618 1
3630 7
3630 4
3630 1
3632 4
3632 1
3636 4
3636 1
3639 1
3643 7
3643 4
3643 1
3644 4
3644 1
3646 1
3649 1
3651 7
3651 4
3651 1
3652 8
3652 7
3652 4
3652 1
3654 7
3654 4
3654 1
3655 1
3656 4
3656 1
3657 1
3658 7
3658 4
3658 1
3659 7
3659 4
3659 1
3663 4
3663 1
3664 4
3664 1
3666 1
3667 4
3667 1
3668 1
3669 4
3669 1
3670 4
3670 1
3673 1
3674 1
3676 4
3676 1
3677 1
3679 7
3679 4
3679 1
3680 10
3680 9
3680 8
3680 7
3680 4
3680 1
3681 7
3681 4
3681 1
3682 9
3682 8
3682 7
3682 4
3682 1
3683 1
3686 1
3688 4
3688 1
3692 4
3692 1
3695 1
3696 4
3696 1
3697 1
3700 7
3700 4
3700 1
3702 1
3707 4
3707 1
3708 4
3708 1
3709 8
3709 7
3709 4
3709 1
3714 1
3715 8
3715 7
3715 4
3715 1
3717 7
3717 4
3717 1
3719 7
3719 4
3719 1
3722 1
3723 4
3723 1
3724 4
3724 1
3725 7
3725 4
3725 1
3731 1
3732 1
3733 1
3737 4
3737 1
3738 4
3738 1
3742 4
3742 1
3745 1
3746 4
3746 1
3747 8
3747 7
3747 4
3747 1
3748 7
3748 4
3748 1
3749 7
3749 4
3749 1
3750 1
3751 4
3751 1
3759 4
3759 1
3762 7
3762 4
3762 1
3763 7
3763 4
3763 1
3764 4
3764 1
3765 7
3765 4
3765 1
3767 7
3767 4
3767 1
3768 4
3768 1
3769 8
3769 7
3769 4
3769 1
3772 7
3772 4
3772 1
3773 8
3773 7
3773 4
3773 1
3783 4
3783 1
3785 1
3787 8
3787 7
3787 4
3787 1
3788 1
3792 1
3794 9
3794 8
3794 7
3794 4
3794 1
3796 8
3796 7
3796 4
3796 1
3797 4
3797 1
3798 7
3798 4
3798 1
3800 9
3800 8
3800 7
3800 4
3800 1
3806 7
3806 4
3806 1
3813 9
3813 8
3813 7
3813 4
3813 1
3815 7
3815 4
3815 1
3816 1
3822 4
3822 1
3826 1
3827 7
3827 4
3827 1
3828 7
3828 4
3828 1
3831 1
3833 7
3833 4
3833 1
3838 4
3838 1
3839 7
3839 4
3839 1
3844 4
3844 1
3848 7
3848 4
3848 1
3849 7
3849 4
3849 1
3851 7
3851 4
3851 1
3855 10
3855 9
3855 8
3855 7
3855 4
3855 1
3856 8
3856 7
3856 4
3856 1
3857 9
3857 8
3857 7
3857 4
3857 1
3861 1
3862 1
3863 7
3863 4
3863 1
3864 4
3864 1
3865 7
3865 4
3865 1
3867 4
3867 1
3868 8
3868 7
3868 4
3868 1
3869 4
3869 1
3871 4
3871 1
3876 1
3881 4
3881 1
3883 4
3883 1
3884 4
3884 1
3885 4
3885 1
3886 4
3886 1
3890 1
3892 8
3892 7
3892 4
3892 1
3894 4
3894 1
3895 7
3895 4
3895 1
3896 4
3896 1
3897 1
3898 1
3901 1
3905 8
3905 7
3905 4
3905 1
3908 1
3910 7
3910 4
3910 1
3911 4
3911 1
3916 7
3916 4
3916 1
3918 4
3918 1
3920 1
3922 1
3923 1
3925 4
3925 1
3926 4
3926 1
3927 1
3930 7
3930 4
3930 1
3934 4
3934 1
3940 7
3940 4
3940 1
3941 1
3943 4
3943 1
3946 4
3946 1
3948 8
3948 7
3948 4
3948 1
3949 7
3949 4
3949 1
3950 8
3950 7
3950 4
3950 1
3952 1
3956 9
3956 8
3956 7
3956 4
3956 1
3957 1
3958 8
3958 7
3958 4
3958 1
3962 7
3962 4
3962 1
3963 7
3963 4
3963 1
3965 7
3965 4
3965 1
3967 1
3971 8
3971 7
3971 4
3971 1
3972 1
3976 4
3976 1
3979 10
3979 9
3979 8
3979 7
3979 4
3979 1
3980 7
3980 4
3980 1
3982 4
3982 1
3984 7
3984 4
3984 1
3985 1
3987 1
3995 4
3995 1
3999 1
4001 4
4001 1
4002 4
4002 1
4003 1
4006 7
4006 4
4006 1
4009 1
4010 4
4010 1
4011 4
4011 1
4012 7
4012 4
4012 1
4013 7
4013 4
4013 1
4019 4
4019 1
4021 1
4022 9
4022 8
4022 7
4022 4
4022 1
4023 7
4023 4
4023 1
4029 8
4029 7
4029 4
4029 1
4030 4
4030 1
4032 1
4039 7
4039 4
4039 1
4045 1
4046 7
4046 4
4046 1
4048 4
4048 1
4049 7
4049 4
4049 1
4050 7
4050 4
4050 1
4057 7
4057 4
4057 1
4060 4
4060 1
4064 7
4064 4
4064 1
4066 1
4068 8
4068 7
4068 4
4068 1
4070 4
4070 1
4071 9
4071 8
4071 7
4071 4
4071 1
4077 1
4079 1
4080 9
4080 8
4080 7
4080 4
4080 1
4082 8
4082 7
4082 4
4082 1
4083 1
4086 1
4087 4
4087 1
4088 9
4088 8
4088 7
4088 4
4088 1
4089 9
4089 8
4089 7
4089 4
4089 1
4090 7
4090 4
4090 1
4096 4
4096 1
4098 4
4098 1
4099 1
4101 4
4101 1
4102 7
4102 4
4102 1
4103 8
4103 7
4103 4
4103 1
4104 1
4105 8
4105 7
4105 4
4105 1
4106 1
4108 1
4114 9
4114 8
4114 7
4114 4
4114 1
4115 13
4115 10
4115 9
4115 8
4115 7
4115 4
4115 1
4118 7
4118 4
4118 1
4120 4
4120 1
4121 7
4121 4
4121 1
4124 7
4124 4
4124 1
4128 4
4128 1
4129 4
4129 1
4131 1
4132 1
4133 1
4134 7
4134 4
4134 1
4135 1
4137 8
4137 7
4137 4
4137 1
4142 4
4142 1
4143 1
4147 4
4147 1
4155 4
4155 1
4157 4
4157 1
4159 1
4160 4
4160 1
4161 1
4162 1
4166 1
4167 4
4167 1
4169 4
4169 1
4170 7
4170 4
4170 1
4172 7
4172 4
4172 1
4175 7
4175 4
4175 1
4176 8
4176 7
4176 4
4176 1
4183 9
4183 8
4183 7
4183 4
4183 1
4184 1
4186 1
4187 1
4188 1
4190 8
4190 7
4190 4
4190 1
4194 7
4194 4
4194 1
4195 7
4195 4
4195 1
4199 4
4199 1
4200 8
4200 7
4200 4
4200 1
4201 4
4201 1
4204 1
4212 8
4212 7
4212 4
4212 1
4214 4
4214 1
4215 4
4215 1
4217 4
4217 1
4219 7
4219 4
4219 1
4220 4
4220 1
4221 7
4221 4
4221 1
4225 7
4225 4
4225 1
4229 8
4229 7
4229 4
4229 1
4230 7
4230 4
4230 1
4231 9
4231 8
4231 7
4231 4
4231 1
4232 10
4232 9
4232 8
4232 7
4232 4
4232 1
4238 7
4238 4
4238 1
4242 1
4245 7
4245 4
4245 1
4248 9
4248 8
4248 7
4248 4
4248 1
4250 4
4250 1
4251 1
4261 1
4263 1
4264 7
4264 4
4264 1
4265 7
4265 4
4265 1
4269 1
4272 7
4272 4
4272 1
4274 8
4274 7
4274 4
4274 1
4276 1
4277 7
4277 4
4277 1
4278 9
4278 8
4278 7
4278 4
4278 1
4280 7
4280 4
4280 1
4281 7
4281 4
4281 1
4286 8
4286 7
4286 4
4286 1
4291 10
4291 9
4291 8
4291 7
4291 4
4291 1
4295 7
4295 4
4295 1
4296 9
4296 8
4296 7
4296 4
4296 1
4297 7
4297 4
4297 1
4302 1
4304 4
4304 1
4305 8
4305 7
4305 4
4305 1
4309 4
4309 1
4310 7
4310 4
4310 1
4313 7
4313 4
4313 1
4317 4
4317 1
4318 1
4319 7
4319 4
4319 1
4324 1
4329 1
4330 1
4333 7
4333 4
4333 1
4334 1
4335 1
4337 4
4337 1
4338 1
4342 4
4342 1
4344 7
4344 4
4344 1
4346 7
4346 4
4346 1
4352 7
4352 4
4352 1
4353 4
4353 1
4355 7
4355 4
4355 1
4356 4
4356 1
4361 4
4361 1
4362 4
4362 1
4366 4
4366 1
4367 4
4367 1
4368 8
4368 7
4368 4
4368 1
4369 7
4369 4
4369 1
4370 7
4370 4
4370 1
4372 1
4373 4
4373 1
4375 4
4375 1
4380 4
4380 1
4382 9
4382 8
4382 7
4382 4
4382 1
4383 4
4383 1
4384 1
4389 8
4389 7
4389 4
4389 1
4390 7
4390 4
4390 1
4391 1
4394 1
4395 7
4395 4
4395 1
4396 8
4396 7
4396 4
4396 1
4399 4
4399 1
4400 4
4400 1
4401 4
4401 1
4402 4
4402 1
4404 7
4404 4
4404 1
4405 4
4405 1
4408 7
4408 4
4408 1
4411 1
4412 1
4414 4
4414 1
4415 7
4415 4
4415 1
4417 4
4417 1
4420 4
4420 1
4423 4
4423 1
4426 1
4427 1
4429 4
4429 1
4431 1
4434 1
4436 8
4436 7
4436 4
4436 1
4438 7
4438 4
4438 1
4439 1
4440 1
4441 4
4441 1
4442 8
4442 7
4442 4
4442 1
4443 7
4443 4
4443 1
4445 10
4445 9
4445 8
4445 7
4445 4
4445 1
4446 9
4446 8
4446 7
4446 4
4446 1
4449 9
4449 8
4449 7
4449 4
4449 1
4450 7
4450 4
4450 1
4454 1
4457 1
4458 4
4458 1
4462 7
4462 4
4462 1
4463 8
4463 7
4463 4
4463 1
4465 4
4465 1
4468 8
4468 7
4468 4
4468 1
4469 1
4470 4
4470 1
4473 7
4473 4
4473 1
4476 4
4476 1
4477 7
4477 4
4477 1
4478 1
4480 4
4480 1
4484 1
4490 1
4494 1
4495 1
4496 7
4496 4
4496 1
4497 4
4497 1
4498 1
4504 4
4504 1
4509 4
4509 1
4511 7
4511 4
4511 1
4513 8
4513 7
4513 4
4513 1
4515 8
4515 7
4515 4
4515 1
4516 1
4517 1
4519 1
4520 1
4522 7
4522 4
4522 1
4523 8
4523 7
4523 4
4523 1
4524 1
4528 8
4528 7
4528 4
4528 1
4529 4
4529 1
4531 1
4533 7
4533 4
4533 1
4537 7
4537 4
4537 1
4538 8
4538 7
4538 4
4538 1
4539 1
4541 4
4541 1
4546 13
4546 10
4546 9
4546 8
4546 7
4546 4
4546 1
4555 7
4555 4
4555 1
4557 4
4557 1
4560 7
4560 4
4560 1
4561 1
4563 4
4563 1
4564 8
4564 7
4564 4
4564 1
4565 13
4565 10
4565 9
4565 8
4565 7
4565 4
4565 1
4568 4
4568 1
4571 1
4572 4
4572 1
4574 8
4574 7
4574 4
4574 1
4575 19
4575 15
4575 13
4575 10
4575 9
4575 8
4575 7
4575 4
4575 1
4576 7
4576 4
4576 1
4585 4
4585 1
4586 7
4586 4
4586 1
4594 4
4594 1
4597 9
4597 8
4597 7
4597 4
4597 1
4598 7
4598 4
4598 1
4599 7
4599 4
4599 1
4600 1
4604 1
4608 7
4608 4
4608 1
4610 4
4610 1
4611 8
4611 7
4611 4
4611 1
4613 7
4613 4
4613 1
4614 7
4614 4
4614 1
4615 7
4615 4
4615 1
4616 7
4616 4
4616 1
4617 7
4617 4
4617 1
4618 4
4618 1
4619 7
4619 4
4619 1
4622 7
4622 4
4622 1
4623 7
4623 4
4623 1
4625 4
4625 1
4628 1
4629 7
4629 4
4629 1
4631 1
4634 4
4634 1
4635 4
4635 1
4636 4
4636 1
4639 4
4639 1
4640 7
4640 4
4640 1
4643 7
4643 4
4643 1
4650 1
4653 4
4653 1
4657 4
4657 1
4659 7
4659 4
4659 1
4661 4
4661 1
4662 8
4662 7
4662 4
4662 1
4665 9
4665 8
4665 7
4665 4
4665 1
4668 1
4669 4
4669 1
4671 4
4671 1
4673 7
4673 4
4673 1
4674 4
4674 1
4675 7
4675 4
4675 1
4680 7
4680 4
4680 1
4681 4
4681 1
4683 13
4683 10
4683 9
4683 8
4683 7
4683 4
4683 1
4686 1
4687 7
4687 4
4687 1
4690 1
4691 7
4691 4
4691 1
4696 1
4699 4
4699 1
4700 8
4700 7
4700 4
4700 1
4701 4
4701 1
4702 1
4703 1
4708 4
4708 1
4712 8
4712 7
4712 4
4712 1
4714 8
4714 7
4714 4
4714 1
4719 8
4719 7
4719 4
4719 1
4720 1
4727 10
4727 9
4727 8
4727 7
4727 4
4727 1
4729 1
4730 9
4730 8
4730 7
4730 4
4730 1
4734 1
4735 4
4735 1
4736 1
4737 1
4741 1
4742 4
4742 1
4743 1
4744 4
4744 1
4746 9
4746 8
4746 7
4746 4
4746 1
4747 1
4748 9
4748 8
4748 7
4748 4
4748 1
4751 1
4753 4
4753 1
4754 4
4754 1
4755 7
4755 4
4755 1
4758 8
4758 7
4758 4
4758 1
4759 4
4759 1
4761 4
4761 1
4763 1
4764 7
4764 4
4764 1
4765 4
4765 1
4767 8
4767 7
4767 4
4767 1
4768 7
4768 4
4768 1
4769 9
4769 8
4769 7
4769 4
4769 1
4772 9
4772 8
4772 7
4772 4
4772 1
4774 1
4781 4
4781 1
4783 1
4785 4
4785 1
4786 4
4786 1
4790 4
4790 1
4792 4
4792 1
4794 1
4796 7
4796 4
4796 1
4799 10
4799 9
4799 8
4799 7
4799 4
4799 1
4800 4
4800 1
4802 1
4807 7
4807 4
4807 1
4808 1
4812 4
4812 1
4814 1
4816 1
4817 4
4817 1
4818 4
4818 1
4819 7
4819 4
4819 1
4824 1
4825 1
4830 4
4830 1
4831 1
4833 1
4834 1
4836 1
4837 4
4837 1
4839 4
4839 1
4848 4
4848 1
4849 8
4849 7
4849 4
4849 1
4850 13
4850 10
4850 9
4850 8
4850 7
4850 4
4850 1
4853 1
4854 4
4854 1
4855 8
4855 7
4855 4
4855 1
4856 9
4856 8
4856 7
4856 4
4856 1
4858 1
4862 1
4865 1
4868 7
4868 4
4868 1
4871 1
4872 7
4872 4
4872 1
4873 7
4873 4
4873 1
4874 1
4875 4
4875 1
4876 1
4878 1
4880 8
4880 7
4880 4
4880 1
4884 1
4888 13
4888 10
4888 9
4888 8
4888 7
4888 4
4888 1
4892 4
4892 1
4893 8
4893 7
4893 4
4893 1
4894 4
4894 1
4896 8
4896 7
4896 4
4896 1
4897 1
4898 10
4898 9
4898 8
4898 7
4898 4
4898 1
4903 4
4903 1
4904 1
4905 8
4905 7
4905 4
4905 1
4908 4
4908 1
4917 7
4917 4
4917 1
4919 4
4919 1
4920 7
4920 4
4920 1
4922 9
4922 8
4922 7
4922 4
4922 1
4923 9
4923 8
4923 7
4923 4
4923 1
4924 1
4927 9
4927 8
4927 7
4927 4
4927 1
4928 4
4928 1
4929 1
4930 8
4930 7
4930 4
4930 1
4932 4
4932 1
4936 4
4936 1
4937 1
4938 1
4941 4
4941 1
4943 1
4945 4
4945 1
4947 1
4948 7
4948 4
4948 1
4953 1
4956 1
4958 4
4958 1
4960 4
4960 1
4962 7
4962 4
4962 1
4964 9
4964 8
4964 7
4964 4
4964 1
4965 4
4965 1
4968 4
4968 1
4971 7
4971 4
4971 1
4973 7
4973 4
4973 1
4976 7
4976 4
4976 1
4983 7
4983 4
4983 1
4986 9
4986 8
4986 7
4986 4
4986 1
4988 1
4992 1
4996 1
4999 7
4999 4
4999 1
5000 1
5008 4
5008 1
5012 4
5012 1
5013 1
5014 7
5014 4
5014 1
5017 9
5017 8
5017 7
5017 4
5017 1
5020 1
5022 9
5022 8
5022 7
5022 4
5022 1
5024 9
5024 8
5024 7
5024 4
5024 1
5027 4
5027 1
5028 7
5028 4
5028 1
5032 1
5033 1
5035 4
5035 1
5036 7
5036 4
5036 1
5037 9
5037 8
5037 7
5037 4
5037 1
5040 1
5041 8
5041 7
5041 4
5041 1
5044 7
5044 4
5044 1
5049 7
5049 4
5049 1
5050 1
5051 4
5051 1
5052 1
5053 4
5053 1
5054 4
5054 1
5055 7
5055 4
5055 1
5058 1
5059 1
5063 1
5065 4
5065 1
5066 4
5066 1
5068 8
5068 7
5068 4
5068 1
5069 4
5069 1
5070 8
5070 7
5070 4
5070 1
5072 1
5073 9
5073 8
5073 7
5073 4
5073 1
5074 4
5074 1
5076 4
5076 1
5078 9
5078 8
5078 7
5078 4
5078 1
5081 4
5081 1
5083 7
5083 4
5083 1
5085 1
5086 1
5087 1
5089 1
5093 1
5096 1
5102 1
5103 4
5103 1
5105 4
5105 1
5110 7
5110 4
5110 1
5112 4
5112 1
5114 7
5114 4
5114 1
5115 8
5115 7
5115 4
5115 1
5118 7
5118 4
5118 1
5119 1
5125 7
5125 4
5125 1
5126 7
5126 4
5126 1
5130 1
5132 7
5132 4
5132 1
5133 8
5133 7
5133 4
5133 1
5135 1
5137 4
5137 1
5138 4
5138 1
5139 7
5139 4
5139 1
5140 8
5140 7
5140 4
5140 1
5141 8
5141 7
5141 4
5141 1
5143 8
5143 7
5143 4
5143 1
5145 10
5145 9
5145 8
5145 7
5145 4
5145 1
5146 1
5148 8
5148 7
5148 4
5148 1
5149 8
5149 7
5149 4
5149 1
5151 1
5152 9
5152 8
5152 7
5152 4
5152 1
5153 7
5153 4
5153 1
5154 1
5155 1
5156 7
5156 4
5156 1
5158 4
5158 1
5159 4
5159 1
5160 9
5160 8
5160 7
5160 4
5160 1
5161 1
5167 7
5167 4
5167 1
5171 4
5171 1
5174 9
5174 8
5174 7
5174 4
5174 1
5175 9
5175 8
5175 7
5175 4
5175 1
5178 4
5178 1
5181 4
5181 1
5182 1
5187 1
5188 1
5192 4
5192 1
5195 8
5195 7
5195 4
5195 1
5196 1
5201 7
5201 4
5201 1
5204 4
5204 1
5206 8
5206 7
5206 4
5206 1
5209 7
5209 4
5209 1
5213 9
5213 8
5213 7
5213 4
5213 1
5215 1
5216 7
5216 4
5216 1
5221 4
5221 1
5223 1
5225 1
5226 9
5226 8
5226 7
5226 4
5226 1
5227 1
5229 7
5229 4
5229 1
5230 4
5230 1
5233 7
5233 4
5233 1
5234 7
5234 4
5234 1
5237 1
5244 1
5247 1
5250 8
5250 7
5250 4
5250 1
5251 7
5251 4
5251 1
5253 1
5254 4
5254 1
5259 1
5263 7
5263 4
5263 1
5265 7
5265 4
5265 1
5268 1
5270 7
5270 4
5270 1
5271 8
5271 7
5271 4
5271 1
5273 7
5273 4
5273 1
5274 7
5274 4
5274 1
5276 9
5276 8
5276 7
5276 4
5276 1
5279 4
5279 1
5280 7
5280 4
5280 1
5282 4
5282 1
5285 7
5285 4
5285 1
5287 1
5288 4
5288 1
5289 1
5292 4
5292 1
5294 8
5294 7
5294 4
5294 1
5296 8
5296 7
5296 4
5296 1
5298 4
5298 1
5302 1
5303 7
5303 4
5303 1
5304 4
5304 1
5308 4
5308 1
5311 4
5311 1
5314 7
5314 4
5314 1
5319 7
5319 4
5319 1
5328 4
5328 1
5329 4
5329 1
5332 4
5332 1
5339 4
5339 1
5342 1
5344 4
5344 1
5351 1
5354 4
5354 1
5359 7
5359 4
5359 1
5360 10
5360 9
5360 8
5360 7
5360 4
5360 1
5362 4
5362 1
5364 1
5371 8
5371 7
5371 4
5371 1
5372 9
5372 8
5372 7
5372 4
5372 1
5377 1
5378 9
5378 8
5378 7
5378 4
5378 1
5380 4
5380 1
5383 8
5383 7
5383 4
5383 1
5384 1
5385 1
5386 4
5386 1
5389 1
5392 1
5394 4
5394 1
5398 8
5398 7
5398 4
5398 1
5401 7
5401 4
5401 1
5403 7
5403 4
5403 1
5404 4
5404 1
5405 7
5405 4
5405 1
5406 8
5406 7
5406 4
5406 1
5410 8
5410 7
5410 4
5410 1
5411 4
5411 1
5413 1
5414 4
5414 1
5416 4
5416 1
5419 1
5421 7
5421 4
5421 1
5424 1
5426 1
5430 1
5432 9
5432 8
5432 7
5432 4
5432 1
5435 4
5435 1
5438 9
5438 8
5438 7
5438 4
5438 1
5443 1
5444 7
5444 4
5444 1
5449 1
5450 4
5450 1
5451 4
5451 1
5452 10
5452 9
5452 8
5452 7
5452 4
5452 1
5453 4
5453 1
5457 4
5457 1
5458 8
5458 7
5458 4
5458 1
5461 4
5461 1
5464 4
5464 1
5468 7
5468 4
5468 1
5469 4
5469 1
5471 1
5478 1
5479 1
5480 4
5480 1
5481 7
5481 4
5481 1
5482 1
5483 4
5483 1
5485 4
5485 1
5487 7
5487 4
5487 1
5490 8
5490 7
5490 4
5490 1
5498 1
5502 4
5502 1
5503 1
5507 7
5507 4
5507 1
5508 4
5508 1
5511 4
5511 1
5516 1
5518 7
5518 4
5518 1
5520 4
5520 1
5522 1
5523 8
5523 7
5523 4
5523 1
5524 8
5524 7
5524 4
5524 1
5525 1
5526 4
5526 1
5529 7
5529 4
5529 1
5531 7
5531 4
5531 1
5532 1
5535 1
5536 7
5536 4
5536 1
5537 1
5541 1
5546 4
5546 1
5547 4
5547 1
5550 9
5550 8
5550 7
5550 4
5550 1
5551 4
5551 1
5555 7
5555 4
5555 1
5556 1
5558 1
5561 1
5565 4
5565 1
5567 1
5568 7
5568 4
5568 1
5570 4
5570 1
5575 8
5575 7
5575 4
5575 1
5577 1
5578 10
5578 9
5578 8
5578 7
5578 4
5578 1
5579 8
5579 7
5579 4
5579 1
5581 1
5582 4
5582 1
5584 1
5587 9
5587 8
5587 7
5587 4
5587 1
5591 1
5593 4
5593 1
5598 1
5602 8
5602 7
5602 4
5602 1
5603 1
5606 4
5606 1
5608 7
5608 4
5608 1
5609 4
5609 1
5612 1
5613 4
5613 1
5617 4
5617 1
5620 8
5620 7
5620 4
5620 1
5625 4
5625 1
5627 7
5627 4
5627 1
5632 13
5632 10
5632 9
5632 8
5632 7
5632 4
5632 1
5635 1
5637 1
5641 8
5641 7
5641 4
5641 1
5642 1
5643 7
5643 4
5643 1
5644 4
5644 1
5647 8
5647 7
5647 4
5647 1
5649 8
5649 7
5649 4
5649 1
5654 7
5654 4
5654 1
5655 1
5656 4
5656 1
5657 4
5657 1
5660 9
5660 8
5660 7
5660 4
5660 1
5665 1
5672 1
5673 4
5673 1
5675 1
5677 7
5677 4
5677 1
5680 7
5680 4
5680 1
5684 1
5691 4
5691 1
5693 7
5693 4
5693 1
5696 1
5700 8
5700 7
5700 4
5700 1
5708 8
5708 7
5708 4
5708 1
5711 9
5711 8
5711 7
5711 4
5711 1
5713 4
5713 1
5714 8
5714 7
5714 4
5714 1
5716 4
5716 1
5717 8
5717 7
5717 4
5717 1
5720 4
5720 1
5721 10
5721 9
5721 8
5721 7
5721 4
5721 1
5728 4
5728 1
5729 9
5729 8
5729 7
5729 4
5729 1
5730 4
5730 1
5732 1
5734 9
5734 8
5734 7
5734 4
5734 1
5739 1
5742 4
5742 1
5744 7
5744 4
5744 1
5746 7
5746 4
5746 1
5748 4
5748 1
5749 1
5751 1
5754 1
5755 4
5755 1
5758 7
5758 4
5758 1
5761 1
5762 9
5762 8
5762 7
5762 4
5762 1
5763 4
5763 1
5765 1
5766 9
5766 8
5766 7
5766 4
5766 1
5768 7
5768 4
5768 1
5769 1
5774 4
5774 1
5775 4
5775 1
5777 8
5777 7
5777 4
5777 1
5778 1
5783 4
5783 1
5792 1
5793 13
5793 10
5793 9
5793 8
5793 7
5793 4
5793 1
5795 1
5796 9
5796 8
5796 7
5796 4
5796 1
5802 4
5802 1
5803 10
5803 9
5803 8
5803 7
5803 4
5803 1
5804 1
5805 8
5805 7
5805 4
5805 1
5806 4
5806 1
5807 4
5807 1
5813 7
5813 4
5813 1
5816 4
5816 1
5817 7
5817 4
5817 1
5818 1
5819 4
5819 1
5822 4
5822 1
5827 7
5827 4
5827 1
5832 4
5832 1
5835 4
5835 1
5837 7
5837 4
5837 1
5838 1
5840 8
5840 7
5840 4
5840 1
5842 1
5843 4
5843 1
5844 1
5845 1
5846 4
5846 1
5852 4
5852 1
5853 9
5853 8
5853 7
5853 4
5853 1
5856 7
5856 4
5856 1
5857 8
5857 7
5857 4
5857 1
5859 4
5859 1
5860 7
5860 4
5860 1
5862 7
5862 4
5862 1
5865 1
5866 4
5866 1
5868 1
5873 9
5873 8
5873 7
5873 4
5873 1
5874 1
5876 4
5876 1
5881 4
5881 1
5882 1
5883 8
5883 7
5883 4
5883 1
5885 4
5885 1
5886 7
5886 4
5886 1
5887 8
5887 7
5887 4
5887 1
5888 9
5888 8
5888 7
5888 4
5888 1
5889 7
5889 4
5889 1
5891 7
5891 4
5891 1
5892 7
5892 4
5892 1
5895 7
5895 4
5895 1
5897 8
5897 7
5897 4
5897 1
5899 7
5899 4
5899 1
5901 9
5901 8
5901 7
5901 4
5901 1
5902 4
5902 1
5904 4
5904 1
5907 4
5907 1
5909 7
5909 4
5909 1
5910 4
5910 1
5913 9
5913 8
5913 7
5913 4
5913 1
5915 4
5915 1
5918 4
5918 1
5919 1
5921 7
5921 4
5921 1
5923 1
5924 7
5924 4
5924 1
5927 4
5927 1
5928 8
5928 7
5928 4
5928 1
5929 1
5930 1
5934 8
5934 7
5934 4
5934 1
5937 1
5938 9
5938 8
5938 7
5938 4
5938 1
5940 4
5940 1
5942 4
5942 1
5944 8
5944 7
5944 4
5944 1
5945 4
5945 1
5948 7
5948 4
5948 1
5949 4
5949 1
5950 4
5950 1
5955 4
5955 1
5956 4
5956 1
5961 1
5967 7
5967 4
5967 1
5969 7
5969 4
5969 1
5971 1
5974 7
5974 4
5974 1
5977 4
5977 1
5979 13
5979 10
5979 9
5979 8
5979 7
5979 4
5979 1
5980 1
5981 8
5981 7
5981 4
5981 1
5985 4
5985 1
5987 4
5987 1
5988 8
5988 7
5988 4
5988 1
5989 4
5989 1
5994 1
5995 1
6000 10
6000 9
6000 8
6000 7
6000 4
6000 1
6001 7
6001 4
6001 1
6002 4
6002 1
6003 7
6003 4
6003 1
6004 7
6004 4
6004 1
6005 4
6005 1
6006 1
6011 1
6012 1
6014 4
6014 1
6015 8
6015 7
6015 4
6015 1
6020 9
6020 8
6020 7
6020 4
6020 1
6023 7
6023 4
6023 1
6032 4
6032 1
6033 1
6040 7
6040 4
6040 1
6042 7
6042 4
6042 1
6044 7
6044 4
6044 1
6045 7
6045 4
6045 1
6046 9
6046 8
6046 7
6046 4
6046 1
6047 1
6050 8
6050 7
6050 4
6050 1
6052 4
6052 1
6054 7
6054 4
6054 1
6055 1
6057 4
6057 1
6058 7
6058 4
6058 1
6062 7
6062 4
6062 1
6064 8
6064 7
6064 4
6064 1
6065 4
6065 1
6067 7
6067 4
6067 1
6069 7
6069 4
6069 1
6070 8
6070 7
6070 4
6070 1
6074 8
6074 7
6074 4
6074 1
6078 7
6078 4
6078 1
6080 1
6088 4
6088 1
6089 1
6096 1
6099 4
6099 1
6101 7
6101 4
6101 1
6103 8
6103 7
6103 4
6103 1
6104 8
6104 7
6104 4
6104 1
6106 7
6106 4
6106 1
6110 1
6113 4
6113 1
6114 7
6114 4
6114 1
6115 8
6115 7
6115 4
6115 1
6116 4
6116 1
6117 4
6117 1
6119 7
6119 4
6119 1
6120 1
6122 4
6122 1
6124 1
6126 4
6126 1
6127 8
6127 7
6127 4
6127 1
6128 7
6128 4
6128 1
6132 7
6132 4
6132 1
6133 4
6133 1
6135 1
6137 1
6139 9
6139 8
6139 7
6139 4
6139 1
6140 1
6142 1
6144 1
6146 7
6146 4
6146 1
6149 1
6150 4
6150 1
6152 4
6152 1
6153 4
6153 1
6157 10
6157 9
6157 8
6157 7
6157 4
6157 1
6158 1
6159 4
6159 1
6162 4
6162 1
6167 1
6171 9
6171 8
6171 7
6171 4
6171 1
6180 1
6186 4
6186 1
6187 7
6187 4
6187 1
6189 4
6189 1
6190 1
6199 7
6199 4
6199 1
6202 1
6203 8
6203 7
6203 4
6203 1
6204 4
6204 1
6211 1
6216 7
6216 4
6216 1
6218 1
6219 4
6219 1
6221 1
6222 1
6223 4
6223 1
6227 4
6227 1
6229 4
6229 1
6235 4
6235 1
6237 9
6237 8
6237 7
6237 4
6237 1
6240 1
6243 1
6245 7
6245 4
6245 1
6249 7
6249 4
6249 1
6250 8
6250 7
6250 4
6250 1
6251 7
6251 4
6251 1
6253 1
6254 8
6254 7
6254 4
6254 1
6255 4
6255 1
6258 1
6259 7
6259 4
6259 1
6260 4
6260 1
6262 4
6262 1
6265 4
6265 1
6267 4
6267 1
6272 4
6272 1
6273 7
6273 4
6273 1
6278 4
6278 1
6280 1
6281 7
6281 4
6281 1
6285 8
6285 7
6285 4
6285 1
6287 4
6287 1
6293 7
6293 4
6293 1
6296 7
6296 4
6296 1
6299 1
6300 4
6300 1
6301 1
6305 9
6305 8
6305 7
6305 4
6305 1
6307 1
6309 1
6310 1
6311 4
6311 1
6313 1
6315 7
6315 4
6315 1
6316 1
6318 4
6318 1
6320 1
6322 7
6322 4
6322 1
6324 9
6324 8
6324 7
6324 4
6324 1
6325 1
6328 1
6329 4
6329 1
6331 1
6333 1
6336 4
6336 1
6344 1
6348 4
6348 1
6349 4
6349 1
6350 4
6350 1
6352 1
6357 1
6358 1
6359 1
6361 8
6361 7
6361 4
6361 1
6362 7
6362 4
6362 1
6363 7
6363 4
6363 1
6364 1
6366 7
6366 4
6366 1
6367 1
6368 4
6368 1
6369 1
6370 4
6370 1
6371 1
6375 4
6375 1
6380 1
6383 4
6383 1
6384 1
6385 7
6385 4
6385 1
6386 4
6386 1
6393 4
6393 1
6396 7
6396 4
6396 1
6397 1
6398 4
6398 1
6399 4
6399 1
6400 1
6401 1
6404 1
6407 7
6407 4
6407 1
6409 1
6412 7
6412 4
6412 1
6413 1
6414 8
6414 7
6414 4
6414 1
6416 8
6416 7
6416 4
6416 1
6418 7
6418 4
6418 1
6420 1
6421 1
6423 4
6423 1
6426 1
6429 4
6429 1
6430 4
6430 1
6431 4
6431 1
6435 1
6438 1
6442 1
6445 4
6445 1
6446 4
6446 1
6447 8
6447 7
6447 4
6447 1
6452 1
6453 4
6453 1
6454 4
6454 1
6455 4
6455 1
6457 7
6457 4
6457 1
6458 9
6458 8
6458 7
6458 4
6458 1
6461 1
6463 9
6463 8
6463 7
6463 4
6463 1
6464 4
6464 1
6468 4
6468 1
6472 1
6473 7
6473 4
6473 1
6475 1
6476 4
6476 1
6482 7
6482 4
6482 1
6483 1
6487 9
6487 8
6487 7
6487 4
6487 1
6489 9
6489 8
6489 7
6489 4
6489 1
6496 1
6498 8
6498 7
6498 4
6498 1
6499 4
6499 1
6503 4
6503 1
6505 7
6505 4
6505 1
6508 4
6508 1
6509 8
6509 7
6509 4
6509 1
6510 1
6511 4
6511 1
6514 4
6514 1
6515 10
6515 9
6515 8
6515 7
6515 4
6515 1
6516 4
6516 1
6517 7
6517 4
6517 1
6518 1
6519 4
6519 1
6521 1
6522 1
6523 4
6523 1
6528 1
6530 1
6532 4
6532 1
6535 7
6535 4
6535 1
6537 4
6537 1
6540 7
6540 4
6540 1
6541 7
6541 4
6541 1
6544 4
6544 1
6546 4
6546 1
6550 9
6550 8
6550 7
6550 4
6550 1
6551 1
6553 7
6553 4
6553 1
6554 1
6558 1
6561 7
6561 4
6561 1
6565 8
6565 7
6565 4
6565 1
6573 1
6574 7
6574 4
6574 1
6575 1
6577 4
6577 1
6579 10
6579 9
6579 8
6579 7
6579 4
6579 1
6581 1
6583 8
6583 7
6583 4
6583 1
6584 1
6588 9
6588 8
6588 7
6588 4
6588 1
6590 1
6595 8
6595 7
6595 4
6595 1
6601 4
6601 1
6603 1
6604 4
6604 1
6606 1
6612 10
6612 9
6612 8
6612 7
6612 4
6612 1
6613 8
6613 7
6613 4
6613 1
6615 1
6618 7
6618 4
6618 1
6619 7
6619 4
6619 1
6623 1
6624 1
6627 4
6627 1
6631 1
6633 1
6634 1
6637 4
6637 1
6641 8
6641 7
6641 4
6641 1
6642 4
6642 1
6645 1
6646 4
6646 1
6650 4
6650 1
6653 7
6653 4
6653 1
6655 4
6655 1
6658 1
6661 7
6661 4
6661 1
6662 4
6662 1
6665 7
6665 4
6665 1
6669 8
6669 7
6669 4
6669 1
6671 9
6671 8
6671 7
6671 4
6671 1
6674 4
6674 1
6675 1
6683 1
6685 4
6685 1
6687 1
6689 8
6689 7
6689 4
6689 1
6690 4
6690 1
6694 4
6694 1
6695 1
6697 7
6697 4
6697 1
6699 4
6699 1
6700 1
6702 4
6702 1
6703 1
6706 1
6707 4
6707 1
6709 1
6710 1
6711 1
6712 4
6712 1
6719 1
6722 7
6722 4
6722 1
6723 7
6723 4
6723 1
6724 4
6724 1
6728 1
6732 1
6733 1
6742 1
6744 1
6745 1
6749 4
6749 1
6751 4
6751 1
6753 1
6755 4
6755 1
6756 4
6756 1
6759 4
6759 1
6760 4
6760 1
6761 4
6761 1
6762 4
6762 1
6764 1
6765 1
6769 1
6770 1
6771 4
6771 1
6773 4
6773 1
6774 8
6774 7
6774 4
6774 1
6777 1
6778 1
6779 1
6780 1
6781 1
6782 8
6782 7
6782 4
6782 1
6783 7
6783 4
6783 1
6784 8
6784 7
6784 4
6784 1
6789 1
6790 7
6790 4
6790 1
6793 1
6797 4
6797 1
6802 4
6802 1
6804 1
6806 4
6806 1
6808 4
6808 1
6809 4
6809 1
6811 4
6811 1
6815 4
6815 1
6819 8
6819 7
6819 4
6819 1
6820 4
6820 1
6823 7
6823 4
6823 1
6825 4
6825 1
6827 8
6827 7
6827 4
6827 1
6828 1
6838 4
6838 1
6839 8
6839 7
6839 4
6839 1
6841 4
6841 1
6846 7
6846 4
6846 1
6848 4
6848 1
6850 8
6850 7
6850 4
6850 1
6858 7
6858 4
6858 1
6861 4
6861 1
6866 1
6867 1
6871 9
6871 8
6871 7
6871 4
6871 1
6872 1
6875 1
6877 4
6877 1
6879 4
6879 1
6882 7
6882 4
6882 1
6884 1
6885 4
6885 1
6886 1
6888 4
6888 1
6889 4
6889 1
6890 4
6890 1
6892 9
6892 8
6892 7
6892 4
6892 1
6894 4
6894 1
6898 7
6898 4
6898 1
6901 1
6902 8
6902 7
6902 4
6902 1
6903 4
6903 1
6906 4
6906 1
6909 7
6909 4
6909 1
6913 1
6916 8
6916 7
6916 4
6916 1
6918 7
6918 4
6918 1
6919 4
6919 1
6920 7
6920 4
6920 1
6923 1
6928 7
6928 4
6928 1
6929 1
6932 9
6932 8
6932 7
6932 4
6932 1
6935 4
6935 1
6936 1
6937 4
6937 1
6938 1
6939 1
6944 4
6944 1
6945 1
6946 8
6946 7
6946 4
6946 1
6948 7
6948 4
6948 1
6951 1
6953 4
6953 1
6958 9
6958 8
6958 7
6958 4
6958 1
6963 9
6963 8
6963 7
6963 4
6963 1
6965 1
6971 7
6971 4
6971 1
6974 4
6974 1
6975 4
6975 1
6978 1
6979 4
6979 1
6980 7
6980 4
6980 1
6985 4
6985 1
6988 4
6988 1
6990 1
6996 1
6999 1
7000 7
7000 4
7000 1
7004 4
7004 1
7005 1
7007 1
7009 1
7011 4
7011 1
7012 7
7012 4
7012 1
7013 4
7013 1
7018 1
7019 4
7019 1
7020 8
7020 7
7020 4
7020 1
7024 4
7024 1
7026 1
7027 1
7036 1
7037 7
7037 4
7037 1
7038 1
7042 1
7043 8
7043 7
7043 4
7043 1
7044 4
7044 1
7047 1
7048 8
7048 7
7048 4
7048 1
7049 4
7049 1
7050 1
7051 4
7051 1
7052 4
7052 1
7053 4
7053 1
7060 4
7060 1
7062 4
7062 1
7065 1
7066 4
7066 1
7067 7
7067 4
7067 1
7074 1
7075 4
7075 1
7076 10
7076 9
7076 8
7076 7
7076 4
7076 1
7078 1
7079 9
7079 8
7079 7
7079 4
7079 1
7080 1
7081 4
7081 1
7082 1
7088 4
7088 1
7090 1
7092 4
7092 1
7095 7
7095 4
7095 1
7096 7
7096 4
7096 1
7097 4
7097 1
7098 1
7099 9
7099 8
7099 7
7099 4
7099 1
7103 1
7104 4
7104 1
7105 1
7106 4
7106 1
7113 7
7113 4
7113 1
7118 4
7118 1
7121 1
7123 1
7124 10
7124 9
7124 8
7124 7
7124 4
7124 1
7126 4
7126 1
7127 4
7127 1
7128 8
7128 7
7128 4
7128 1
7129 4
7129 1
7130 1
7131 4
7131 1
7132 1
7136 7
7136 4
7136 1
7137 7
7137 4
7137 1
7138 4
7138 1
7140 4
7140 1
7141 1
7148 1
7151 8
7151 7
7151 4
7151 1
7153 4
7153 1
7154 8
7154 7
7154 4
7154 1
7158 8
7158 7
7158 4
7158 1
7159 9
7159 8
7159 7
7159 4
7159 1
7164 4
7164 1
7167 1
7170 4
7170 1
7171 1
7173 8
7173 7
7173 4
7173 1
7177 4
7177 1
7179 7
7179 4
7179 1
7180 7
7180 4
7180 1
7181 9
7181 8
7181 7
7181 4
7181 1
7183 7
7183 4
7183 1
7188 9
7188 8
7188 7
7188 4
7188 1
7189 4
7189 1
7190 7
7190 4
7190 1
7193 8
7193 7
7193 4
7193 1
7198 7
7198 4
7198 1
7199 4
7199 1
7200 7
7200 4
7200 1
7202 4
7202 1
7204 1
7205 1
7213 4
7213 1
7214 7
7214 4
7214 1
7216 1
7220 4
7220 1
7222 1
7224 4
7224 1
7225 1
7228 7
7228 4
7228 1
7231 1
7232 4
7232 1
7234 1
7236 7
7236 4
7236 1
7239 8
7239 7
7239 4
7239 1
7242 1
7243 4
7243 1
7245 1
7254 9
7254 8
7254 7
7254 4
7254 1
7255 7
7255 4
7255 1
7257 7
7257 4
7257 1
7258 7
7258 4
7258 1
7260 1
7263 4
7263 1
7265 7
7265 4
7265 1
7267 4
7267 1
7269 1
7270 1
7275 4
7275 1
7276 7
7276 4
7276 1
7279 7
7279 4
7279 1
7280 1
7281 4
7281 1
7282 4
7282 1
7283 4
7283 1
7285 7
7285 4
7285 1
7287 9
7287 8
7287 7
7287 4
7287 1
7288 4
7288 1
7289 1
7290 4
7290 1
7293 1
7295 8
7295 7
7295 4
7295 1
7297 1
7298 7
7298 4
7298 1
7299 1
7301 7
7301 4
7301 1
7304 8
7304 7
7304 4
7304 1
7305 4
7305 1
7306 7
7306 4
7306 1
7307 7
7307 4
7307 1
7308 1
7309 4
7309 1
7310 10
7310 9
7310 8
7310 7
7310 4
7310 1
7311 4
7311 1
7312 4
7312 1
7315 1
7316 13
7316 10
7316 9
7316 8
7316 7
7316 4
7316 1
7325 4
7325 1
7326 4
7326 1
7327 4
7327 1
7328 4
7328 1
7329 1
7330 1
7334 1
7336 4
7336 1
7338 8
7338 7
7338 4
7338 1
7339 7
7339 4
7339 1
7341 7
7341 4
7341 1
7347 4
7347 1
7350 1
7354 4
7354 1
7357 8
7357 7
7357 4
7357 1
7359 7
7359 4
7359 1
7362 1
7363 10
7363 9
7363 8
7363 7
7363 4
7363 1
7370 1
7371 4
7371 1
7373 4
7373 1
7374 1
7379 1
7380 8
7380 7
7380 4
7380 1
7382 4
7382 1
7386 7
7386 4
7386 1
7389 1
7393 7
7393 4
7393 1
7399 7
7399 4
7399 1
7400 7
7400 4
7400 1
7402 4
7402 1
7406 1
7408 1
7409 4
7409 1
7410 7
7410 4
7410 1
7411 1
7412 1
7414 4
7414 1
7424 1
7426 1
7427 1
7430 10
7430 9
7430 8
7430 7
7430 4
7430 1
7433 8
7433 7
7433 4
7433 1
7434 4
7434 1
7436 4
7436 1
7441 1
7442 4
7442 1
7443 1
7446 7
7446 4
7446 1
7447 1
7448 7
7448 4
7448 1
7449 7
7449 4
7449 1
7450 7
7450 4
7450 1
7451 7
7451 4
7451 1
7455 7
7455 4
7455 1
7456 4
7456 1
7457 7
7457 4
7457 1
7461 4
7461 1
7468 1
7471 4
7471 1
7472 4
7472 1
7473 4
7473 1
7475 1
7482 7
7482 4
7482 1
7483 4
7483 1
7485 1
7491 4
7491 1
7492 1
7497 4
7497 1
7506 1
7507 8
7507 7
7507 4
7507 1
7509 1
7511 4
7511 1
7519 1
7526 7
7526 4
7526 1
7529 4
7529 1
7531 9
7531 8
7531 7
7531 4
7531 1
7532 4
7532 1
7534 8
7534 7
7534 4
7534 1
7535 8
7535 7
7535 4
7535 1
7537 1
7538 4
7538 1
7539 7
7539 4
7539 1
7544 4
7544 1
7546 4
7546 1
7549 7
7549 4
7549 1
7553 4
7553 1
7556 10
7556 9
7556 8
7556 7
7556 4
7556 1
7558 1
7561 1
7562 1
7565 4
7565 1
7570 1
7571 1
7572 1
7573 8
7573 7
7573 4
7573 1
7575 1
7578 8
7578 7
7578 4
7578 1
7579 8
7579 7
7579 4
7579 1
7581 4
7581 1
7583 1
7584 4
7584 1
7585 8
7585 7
7585 4
7585 1
7587 7
7587 4
7587 1
7589 8
7589 7
7589 4
7589 1
7591 7
7591 4
7591 1
7592 9
7592 8
7592 7
7592 4
7592 1
7596 4
7596 1
7601 1
7602 7
7602 4
7602 1
7604 10
7604 9
7604 8
7604 7
7604 4
7604 1
7608 1
7609 8
7609 7
7609 4
7609 1
7610 1
7611 8
7611 7
7611 4
7611 1
7612 1
7614 1
7615 1
7616 8
7616 7
7616 4
7616 1
7617 8
7617 7
7617 4
7617 1
7624 1
7625 1
7626 4
7626 1
7627 4
7627 1
7628 1
7633 1
7644 4
7644 1
7645 4
7645 1
7648 4
7648 1
7650 1
7654 8
7654 7
7654 4
7654 1
7655 1
7657 7
7657 4
7657 1
7664 1
7667 1
7668 7
7668 4
7668 1
7671 4
7671 1
7674 1
7675 1
7680 9
7680 8
7680 7
7680 4
7680 1
7681 4
7681 1
7683 1
7685 4
7685 1
7687 1
7688 4
7688 1
7694 7
7694 4
7694 1
7695 4
7695 1
7696 1
7697 7
7697 4
7697 1
7698 1
7699 4
7699 1
7701 4
7701 1
7702 7
7702 4
7702 1
7704 7
7704 4
7704 1
7710 4
7710 1
7712 1
7713 8
7713 7
7713 4
7713 1
7715 7
7715 4
7715 1
7719 4
7719 1
7720 4
7720 1
7721 4
7721 1
7722 4
7722 1
7723 4
7723 1
7727 7
7727 4
7727 1
7729 8
7729 7
7729 4
7729 1
7730 7
7730 4
7730 1
7732 4
7732 1
7734 4
7734 1
7735 4
7735 1
7736 4
7736 1
7737 4
7737 1
7738 4
7738 1
7740 9
7740 8
7740 7
7740 4
7740 1
7744 4
7744 1
7748 1
7751 4
7751 1
7757 1
7758 4
7758 1
7761 8
7761 7
7761 4
7761 1
7762 1
7764 1
7765 7
7765 4
7765 1
7770 4
7770 1
7772 7
7772 4
7772 1
7776 1
7778 1
7780 1
7783 1
7786 4
7786 1
7788 1
7789 1
7794 4
7794 1
7795 7
7795 4
7795 1
7796 1
7805 1
7808 4
7808 1
7810 1
7813 1
7815 4
7815 1
7818 1
7820 7
7820 4
7820 1
7823 8
7823 7
7823 4
7823 1
7824 9
7824 8
7824 7
7824 4
7824 1
7825 8
7825 7
7825 4
7825 1
7826 7
7826 4
7826 1
7829 10
7829 9
7829 8
7829 7
7829 4
7829 1
7832 4
7832 1
7835 7
7835 4
7835 1
7837 8
7837 7
7837 4
7837 1
7838 1
7842 8
7842 7
7842 4
7842 1
7847 4
7847 1
7848 13
7848 10
7848 9
7848 8
7848 7
7848 4
7848 1
7849 7
7849 4
7849 1
7851 4
7851 1
7855 8
7855 7
7855 4
7855 1
7856 4
7856 1
7857 7
7857 4
7857 1
7859 4
7859 1
7860 4
7860 1
7861 9
7861 8
7861 7
7861 4
7861 1
7868 4
7868 1
7871 10
7871 9
7871 8
7871 7
7871 4
7871 1
7872 1
7873 1
7874 1
7878 8
7878 7
7878 4
7878 1
7880 4
7880 1
7884 1
7885 4
7885 1
7886 7
7886 4
7886 1
7889 4
7889 1
7890 1
7892 1
7897 7
7897 4
7897 1
7898 7
7898 4
7898 1
7904 8
7904 7
7904 4
7904 1
7908 4
7908 1
7909 1
7910 7
7910 4
7910 1
7911 1
7913 7
7913 4
7913 1
7915 4
7915 1
7917 7
7917 4
7917 1
7918 8
7918 7
7918 4
7918 1
7921 4
7921 1
7922 4
7922 1
7923 1
7924 1
7927 4
7927 1
7931 7
7931 4
7931 1
7935 7
7935 4
7935 1
7936 7
7936 4
7936 1
7940 7
7940 4
7940 1
7942 4
7942 1
7946 1
7947 7
7947 4
7947 1
7957 4
7957 1
7962 1
7964 7
7964 4
7964 1
7976 1
7980 1
7981 7
7981 4
7981 1
7988 7
7988 4
7988 1
7990 7
7990 4
7990 1
7991 1
7998 7
7998 4
7998 1
8000 4
8000 1
8007 7
8007 4
8007 1
8008 1
8009 7
8009 4
8009 1
8010 7
8010 4
8010 1
8012 8
8012 7
8012 4
8012 1
8017 4
8017 1
8021 7
8021 4
8021 1
8022 4
8022 1
8023 4
8023 1
8024 1
8025 7
8025 4
8025 1
8026 4
8026 1
8027 4
8027 1
8030 1
8033 1
8034 4
8034 1
8036 8
8036 7
8036 4
8036 1
8037 1
8039 4
8039 1
8040 4
8040 1
8043 1
8044 1
8048 8
8048 7
8048 4
8048 1
8050 9
8050 8
8050 7
8050 4
8050 1
8051 4
8051 1
8052 7
8052 4
8052 1
8053 4
8053 1
8055 1
8056 1
8061 4
8061 1
8062 1
8063 8
8063 7
8063 4
8063 1
8065 1
8068 4
8068 1
8070 4
8070 1
8073 1
8074 1
8076 1
8077 1
8088 4
8088 1
8097 4
8097 1
8099 4
8099 1
8100 1
8102 4
8102 1
8104 8
8104 7
8104 4
8104 1
8105 8
8105 7
8105 4
8105 1
8108 8
8108 7
8108 4
8108 1
8109 7
8109 4
8109 1
8112 1
8113 4
8113 1
8114 4
8114 1
8118 4
8118 1
8119 7
8119 4
8119 1
8120 7
8120 4
8120 1
8121 4
8121 1
8125 4
8125 1
8131 1
8134 1
8135 4
8135 1
8136 4
8136 1
8137 1
8138 7
8138 4
8138 1
8140 1
8141 1
8142 4
8142 1
8147 8
8147 7
8147 4
8147 1
8149 4
8149 1
8152 1
8156 1
8157 1
8159 7
8159 4
8159 1
8164 4
8164 1
8165 8
8165 7
8165 4
8165 1
8168 4
8168 1
8169 7
8169 4
8169 1
8170 1
8171 1
8173 9
8173 8
8173 7
8173 4
8173 1
8174 8
8174 7
8174 4
8174 1
8177 1
8178 4
8178 1
8180 1
8181 7
8181 4
8181 1
8185 1
8197 7
8197 4
8197 1
8199 4
8199 1
8204 1
8207 4
8207 1
8208 1
8209 8
8209 7
8209 4
8209 1
8215 4
8215 1
8218 7
8218 4
8218 1
8219 4
8219 1
8222 4
8222 1
8227 4
8227 1
8228 4
8228 1
8229 8
8229 7
8229 4
8229 1
8232 1
8235 8
8235 7
8235 4
8235 1
8237 7
8237 4
8237 1
8245 1
8247 8
8247 7
8247 4
8247 1
8248 4
8248 1
8251 1
8253 8
8253 7
8253 4
8253 1
8259 7
8259 4
8259 1
8260 1
8263 4
8263 1
8264 7
8264 4
8264 1
8267 7
8267 4
8267 1
8273 4
8273 1
8278 7
8278 4
8278 1
8282 7
8282 4
8282 1
8283 4
8283 1
8288 8
8288 7
8288 4
8288 1
8289 4
8289 1
8293 7
8293 4
8293 1
8294 4
8294 1
8299 8
8299 7
8299 4
8299 1
8300 1
8303 4
8303 1
8305 1
8306 4
8306 1
8307 4
8307 1
8308 9
8308 8
8308 7
8308 4
8308 1
8310 8
8310 7
8310 4
8310 1
8312 4
8312 1
8314 1
8315 10
8315 9
8315 8
8315 7
8315 4
8315 1
8317 4
8317 1
8320 4
8320 1
8322 7
8322 4
8322 1
8323 1
8327 8
8327 7
8327 4
8327 1
8329 8
8329 7
8329 4
8329 1
8331 4
8331 1
8335 7
8335 4
8335 1
8336 10
8336 9
8336 8
8336 7
8336 4
8336 1
8337 1
8339 7
8339 4
8339 1
8341 4
8341 1
8343 1
8345 4
8345 1
8346 4
8346 1
8347 1
8350 4
8350 1
8352 1
8353 8
8353 7
8353 4
8353 1
8357 1
8358 1
8363 1
8365 1
8366 1
8369 1
8371 4
8371 1
8373 8
8373 7
8373 4
8373 1
8375 1
8377 1
8378 4
8378 1
8379 1
8382 4
8382 1
8384 4
8384 1
8385 4
8385 1
8390 7
8390 4
8390 1
8391 1
8395 1
8403 1
8405 1
8408 4
8408 1
8409 4
8409 1
8410 1
8411 4
8411 1
8413 1
8415 1
8416 1
8417 1
8418 7
8418 4
8418 1
8419 7
8419 4
8419 1
8426 7
8426 4
8426 1
8427 7
8427 4
8427 1
8429 1
8431 1
8432 7
8432 4
8432 1
8434 8
8434 7
8434 4
8434 1
8441 1
8442 4
8442 1
8443 10
8443 9
8443 8
8443 7
8443 4
8443 1
8446 1
8447 7
8447 4
8447 1
8452 7
8452 4
8452 1
8454 8
8454 7
8454 4
8454 1
8456 8
8456 7
8456 4
8456 1
8458 7
8458 4
8458 1
8466 9
8466 8
8466 7
8466 4
8466 1
8467 7
8467 4
8467 1
8476 4
8476 1
8481 1
8482 1
8483 1
8485 9
8485 8
8485 7
8485 4
8485 1
8486 4
8486 1
8487 7
8487 4
8487 1
8488 1
8489 4
8489 1
8495 1
8499 1
8500 4
8500 1
8501 1
8502 1
8505 1
8508 7
8508 4
8508 1
8510 4
8510 1
8512 4
8512 1
8515 7
8515 4
8515 1
8516 1
8519 1
8521 1
8522 1
8525 4
8525 1
8526 4
8526 1
8529 4
8529 1
8530 4
8530 1
8531 9
8531 8
8531 7
8531 4
8531 1
8532 8
8532 7
8532 4
8532 1
8538 7
8538 4
8538 1
8541 1
8542 1
8543 4
8543 1
8546 7
8546 4
8546 1
8550 1
8552 4
8552 1
8554 7
8554 4
8554 1
8559 8
8559 7
8559 4
8559 1
8562 8
8562 7
8562 4
8562 1
8564 1
8565 7
8565 4
8565 1
8566 1
8568 4
8568 1
8571 4
8571 1
8572 1
8574 1
8575 4
8575 1
8577 4
8577 1
8578 1
8579 1
8580 7
8580 4
8580 1
8582 1
8584 4
8584 1
8585 1
8587 4
8587 1
8590 4
8590 1
8594 1
8598 1
8600 4
8600 1
8603 4
8603 1
8615 7
8615 4
8615 1
8618 7
8618 4
8618 1
8620 7
8620 4
8620 1
8622 10
8622 9
8622 8
8622 7
8622 4
8622 1
8626 1
8630 1
8631 1
8632 7
8632 4
8632 1
8634 4
8634 1
8637 4
8637 1
8638 7
8638 4
8638 1
8647 1
8650 1
8653 4
8653 1
8654 4
8654 1
8658 1
8660 4
8660 1
8661 1
8662 1
8665 7
8665 4
8665 1
8667 7
8667 4
8667 1
8668 7
8668 4
8668 1
8675 1
8678 1
8679 1
8683 4
8683 1
8686 8
8686 7
8686 4
8686 1
8688 8
8688 7
8688 4
8688 1
8689 7
8689 4
8689 1
8690 8
8690 7
8690 4
8690 1
8691 4
8691 1
8693 1
8698 1
8700 7
8700 4
8700 1
8702 4
8702 1
8705 1
8706 7
8706 4
8706 1
8709 1
8711 4
8711 1
8714 1
8718 4
8718 1
8719 4
8719 1
8721 4
8721 1
8722 1
8723 7
8723 4
8723 1
8724 1
8727 8
8727 7
8727 4
8727 1
8728 7
8728 4
8728 1
8729 7
8729 4
8729 1
8730 4
8730 1
8734 1
8738 4
8738 1
8742 8
8742 7
8742 4
8742 1
8745 7
8745 4
8745 1
8746 1
8749 4
8749 1
8754 1
8757 1
8762 1
8763 4
8763 1
8767 4
8767 1
8768 4
8768 1
8769 4
8769 1
8770 4
8770 1
8772 7
8772 4
8772 1
8775 7
8775 4
8775 1
8784 7
8784 4
8784 1
8785 7
8785 4
8785 1
8786 7
8786 4
8786 1
8787 1
8790 4
8790 1
8793 4
8793 1
8794 1
8796 13
8796 10
8796 9
8796 8
8796 7
8796 4
8796 1
8798 7
8798 4
8798 1
8799 1
8800 1
8804 7
8804 4
8804 1
8811 7
8811 4
8811 1
8814 4
8814 1
8817 1
8819 7
8819 4
8819 1
8821 9
8821 8
8821 7
8821 4
8821 1
8822 8
8822 7
8822 4
8822 1
8823 4
8823 1
8824 4
8824 1
8825 1
8827 4
8827 1
8831 1
8835 4
8835 1
8837 1
8841 1
8844 8
8844 7
8844 4
8844 1
8848 1
8849 1
8850 4
8850 1
8852 1
8854 1
8856 7
8856 4
8856 1
8857 1
8858 1
8862 4
8862 1
8863 13
8863 10
8863 9
8863 8
8863 7
8863 4
8863 1
8866 7
8866 4
8866 1
8867 4
8867 1
8868 1
8873 8
8873 7
8873 4
8873 1
8874 4
8874 1
8877 7
8877 4
8877 1
8879 1
8880 1
8883 7
8883 4
8883 1
8884 4
8884 1
8889 1
8890 4
8890 1
8892 1
8897 4
8897 1
8899 1
8902 1
8903 8
8903 7
8903 4
8903 1
8908 4
8908 1
8910 4
8910 1
8914 7
8914 4
8914 1
8927 8
8927 7
8927 4
8927 1
8928 8
8928 7
8928 4
8928 1
8930 1
8931 4
8931 1
8932 1
8933 4
8933 1
8935 7
8935 4
8935 1
8938 4
8938 1
8945 1
8946 1
8947 7
8947 4
8947 1
8949 1
8950 4
8950 1
8963 1
8964 1
8966 1
8971 1
8977 7
8977 4
8977 1
8980 7
8980 4
8980 1
8982 7
8982 4
8982 1
8985 7
8985 4
8985 1
8987 7
8987 4
8987 1
8988 4
8988 1
8994 7
8994 4
8994 1
8995 1
8996 1
9002 4
9002 1
9004 1
9005 4
9005 1
9006 1
9008 7
9008 4
9008 1
9009 9
9009 8
9009 7
9009 4
9009 1
9011 1
9013 1
9020 1
9023 1
9027 1
9028 8
9028 7
9028 4
9028 1
9031 7
9031 4
9031 1
9033 7
9033 4
9033 1
9034 1
9035 8
9035 7
9035 4
9035 1
9037 1
9040 1
9041 1
9044 8
9044 7
9044 4
9044 1
9048 7
9048 4
9048 1
9050 4
9050 1
9054 7
9054 4
9054 1
9055 8
9055 7
9055 4
9055 1
9056 4
9056 1
9059 4
9059 1
9060 7
9060 4
9060 1
9063 7
9063 4
9063 1
9064 8
9064 7
9064 4
9064 1
9067 7
9067 4
9067 1
9069 1
9073 1
9078 7
9078 4
9078 1
9081 4
9081 1
9082 4
9082 1
9090 7
9090 4
9090 1
9092 1
9094 1
9097 4
9097 1
9106 1
9107 1
9108 4
9108 1
9109 7
9109 4
9109 1
9110 4
9110 1
9116 7
9116 4
9116 1
9117 1
9121 9
9121 8
9121 7
9121 4
9121 1
9122 4
9122 1
9124 7
9124 4
9124 1
9132 4
9132 1
9133 4
9133 1
9134 1
9136 4
9136 1
9138 1
9140 1
9144 4
9144 1
9148 1
9149 1
9151 1
9152 1
9153 4
9153 1
9154 4
9154 1
9158 8
9158 7
9158 4
9158 1
9160 7
9160 4
9160 1
9161 4
9161 1
9162 1
9164 4
9164 1
9165 1
9176 1
9177 7
9177 4
9177 1
9181 7
9181 4
9181 1
9184 1
9186 1
9187 1
9189 4
9189 1
9191 9
9191 8
9191 7
9191 4
9191 1
9193 1
9194 4
9194 1
9195 1
9197 1
9198 4
9198 1
9202 4
9202 1
9203 4
9203 1
9209 1
9215 4
9215 1
9216 1
9217 1
9218 1
9219 7
9219 4
9219 1
9221 7
9221 4
9221 1
9223 8
9223 7
9223 4
9223 1
9230 1
9232 1
9235 10
9235 9
9235 8
9235 7
9235 4
9235 1
9236 7
9236 4
9236 1
9237 7
9237 4
9237 1
9238 1
9239 1
9244 4
9244 1
9245 4
9245 1
9247 10
9247 9
9247 8
9247 7
9247 4
9247 1
9248 1
9249 4
9249 1
9252 1
9253 4
9253 1
9255 1
9258 8
9258 7
9258 4
9258 1
9259 1
9260 1
9262 4
9262 1
9265 1
9266 1
9268 7
9268 4
9268 1
9270 4
9270 1
9271 4
9271 1
9272 1
9277 1
9279 1
9280 4
9280 1
9281 7
9281 4
9281 1
9282 8
9282 7
9282 4
9282 1
9283 4
9283 1
9284 7
9284 4
9284 1
9287 1
9292 1
9294 7
9294 4
9294 1
9296 8
9296 7
9296 4
9296 1
9298 1
9300 4
9300 1
9304 4
9304 1
9306 1
9309 7
9309 4
9309 1
9310 1
9311 7
9311 4
9311 1
9313 4
9313 1
9314 7
9314 4
9314 1
9315 1
9317 1
9318 1
9319 8
9319 7
9319 4
9319 1
9320 4
9320 1
9323 1
9325 7
9325 4
9325 1
9326 1
9327 4
9327 1
9328 4
9328 1
9330 1
9333 4
9333 1
9334 7
9334 4
9334 1
9336 1
9337 8
9337 7
9337 4
9337 1
9338 1
9342 7
9342 4
9342 1
9343 8
9343 7
9343 4
9343 1
9344 1
9349 7
9349 4
9349 1
9351 1
9352 4
9352 1
9353 7
9353 4
9353 1
9355 4
9355 1
9359 1
9363 1
9364 4
9364 1
9367 1
9370 4
9370 1
9372 7
9372 4
9372 1
9377 1
9378 4
9378 1
9379 7
9379 4
9379 1
9381 4
9381 1
9383 1
9387 1
9388 8
9388 7
9388 4
9388 1
9390 8
9390 7
9390 4
9390 1
9393 8
9393 7
9393 4
9393 1
9395 1
9398 1
9399 4
9399 1
9401 1
9404 8
9404 7
9404 4
9404 1
9406 7
9406 4
9406 1
9407 1
9409 4
9409 1
9410 1
9414 4
9414 1
9415 1
9416 7
9416 4
9416 1
9418 1
9419 8
9419 7
9419 4
9419 1
9420 4
9420 1
9422 1
9427 7
9427 4
9427 1
9428 4
9428 1
9430 7
9430 4
9430 1
9431 1
9432 7
9432 4
9432 1
9433 8
9433 7
9433 4
9433 1
9436 4
9436 1
9438 4
9438 1
9443 1
9446 8
9446 7
9446 4
9446 1
9448 8
9448 7
9448 4
9448 1
9451 7
9451 4
9451 1
9452 7
9452 4
9452 1
9453 4
9453 1
9457 4
9457 1
9458 1
9459 4
9459 1
9460 4
9460 1
9461 7
9461 4
9461 1
9462 8
9462 7
9462 4
9462 1
9463 1
9464 1
9466 1
9468 1
9469 1
9472 4
9472 1
9478 4
9478 1
9485 4
9485 1
9489 9
9489 8
9489 7
9489 4
9489 1
9490 7
9490 4
9490 1
9491 1
9494 4
9494 1
9496 1
9501 9
9501 8
9501 7
9501 4
9501 1
9503 4
9503 1
9505 4
9505 1
9507 7
9507 4
9507 1
9513 7
9513 4
9513 1
9517 4
9517 1
9518 9
9518 8
9518 7
9518 4
9518 1
9519 1
9521 4
9521 1
9523 1
9527 4
9527 1
9531 1
9534 7
9534 4
9534 1
9535 13
9535 10
9535 9
9535 8
9535 7
9535 4
9535 1
9536 4
9536 1
9537 1
9538 1
9540 1
9548 1
9549 1
9550 8
9550 7
9550 4
9550 1
9552 1
9554 7
9554 4
9554 1
9557 7
9557 4
9557 1
9558 1
9561 4
9561 1
9562 1
9563 7
9563 4
9563 1
9564 8
9564 7
9564 4
9564 1
9566 1
9568 7
9568 4
9568 1
9571 4
9571 1
9573 4
9573 1
9574 4
9574 1
9575 1
9579 4
9579 1
9583 1
9584 4
9584 1
9585 9
9585 8
9585 7
9585 4
9585 1
9586 4
9586 1
9591 9
9591 8
9591 7
9591 4
9591 1
9592 4
9592 1
9593 4
9593 1
9598 10
9598 9
9598 8
9598 7
9598 4
9598 1
9600 1
9601 7
9601 4
9601 1
9604 4
9604 1
9606 9
9606 8
9606 7
9606 4
9606 1
9609 1
9612 4
9612 1
9620 4
9620 1
9621 1
9624 7
9624 4
9624 1
9628 9
9628 8
9628 7
9628 4
9628 1
9634 4
9634 1
9637 1
9639 1
9641 4
9641 1
9646 1
9648 8
9648 7
9648 4
9648 1
9649 7
9649 4
9649 1
9650 7
9650 4
9650 1
9653 1
9655 4
9655 1
9657 8
9657 7
9657 4
9657 1
9658 7
9658 4
9658 1
9659 1
9665 1
9666 7
9666 4
9666 1
9667 4
9667 1
9671 1
9672 1
9677 4
9677 1
9678 1
9683 1
9687 1
9688 9
9688 8
9688 7
9688 4
9688 1
9696 1
9697 7
9697 4
9697 1
9698 1
9699 1
9702 4
9702 1
9706 9
9706 8
9706 7
9706 4
9706 1
9707 9
9707 8
9707 7
9707 4
9707 1
9708 7
9708 4
9708 1
9709 4
9709 1
9713 1
9714 9
9714 8
9714 7
9714 4
9714 1
9715 1
9716 9
9716 8
9716 7
9716 4
9716 1
9717 8
9717 7
9717 4
9717 1
9718 1
9720 4
9720 1
9725 1
9726 1
9727 4
9727 1
9728 4
9728 1
9729 1
9733 1
9740 7
9740 4
9740 1
9741 1
9743 1
9744 4
9744 1
9749 1
9754 1
9755 8
9755 7
9755 4
9755 1
9756 8
9756 7
9756 4
9756 1
9758 8
9758 7
9758 4
9758 1
9760 1
9766 7
9766 4
9766 1
9769 4
9769 1
9771 7
9771 4
9771 1
9772 7
9772 4
9772 1
9773 4
9773 1
9774 9
9774 8
9774 7
9774 4
9774 1
9775 4
9775 1
9780 7
9780 4
9780 1
9782 8
9782 7
9782 4
9782 1
9784 4
9784 1
9785 4
9785 1
9793 4
9793 1
9795 4
9795 1
9796 1
9800 1
9801 9
9801 8
9801 7
9801 4
9801 1
9802 1
9804 4
9804 1
9808 4
9808 1
9811 1
9812 8
9812 7
9812 4
9812 1
9813 7
9813 4
9813 1
9818 4
9818 1
9819 9
9819 8
9819 7
9819 4
9819 1
9822 8
9822 7
9822 4
9822 1
9826 4
9826 1
9827 4
9827 1
9828 1
9832 1
9833 1
9835 8
9835 7
9835 4
9835 1
9841 1
9842 4
9842 1
9844 8
9844 7
9844 4
9844 1
9848 7
9848 4
9848 1
9850 1
9856 4
9856 1
9858 4
9858 1
9859 4
9859 1
9870 4
9870 1
9871 7
9871 4
9871 1
9872 4
9872 1
9874 1
9875 7
9875 4
9875 1
9880 1
9881 8
9881 7
9881 4
9881 1
9882 4
9882 1
9884 4
9884 1
9889 4
9889 1
9891 1
9892 8
9892 7
9892 4
9892 1
9896 4
9896 1
9897 1
9898 9
9898 8
9898 7
9898 4
9898 1
9900 4
9900 1
9901 1
9903 4
9903 1
9904 7
9904 4
9904 1
9905 7
9905 4
9905 1
9907 1
9909 9
9909 8
9909 7
9909 4
9909 1
9910 4
9910 1
9911 4
9911 1
9917 1
9919 4
9919 1
9920 7
9920 4
9920 1
9921 1
9922 4
9922 1
9926 1
9927 4
9927 1
9929 4
9929 1
9930 4
9930 1
9938 1
9940 9
9940 8
9940 7
9940 4
9940 1
9942 7
9942 4
9942 1
9943 1
9945 7
9945 4
9945 1
9947 4
9947 1
9949 4
9949 1
9950 10
9950 9
9950 8
9950 7
9950 4
9950 1
9953 4
9953 1
9954 1
9957 8
9957 7
9957 4
9957 1
9960 1
9961 1
9962 1
9963 7
9963 4
9963 1
9967 1
9968 4
9968 1
9971 8
9971 7
9971 4
9971 1
9976 8
9976 7
9976 4
9976 1
9979 8
9979 7
9979 4
9979 1
9983 7
9983 4
9983 1
9986 1
9988 1
9991 4
9991 1
9992 1
9997 4
9997 1
9992 9997