10
0 8 5 1 10 5 9 9 3 5 6 6 2 8 2 2 6 3 8 7 2
5 0 4 3 3 2 7 9 6 8 7 2 9 10 3 8 10 6 5 4 2
3 4 0 5 2 2 4 9 8 5 3 8 8 10 4 2 10 9 7 6 1
3 9 7 0 3 5 9 7 6 1 10 1 1 7 2 4 9 10 4 5 5
7 1 7 7 0 9 5 10 7 4 8 9 9 3 10 2 4 6 10 9 5
1 8 7 4 7 0 6 5 3 1 10 8 4 8 3 7 1 2 7 6 8
6 5 2 3 1 1 0 5 7 1 8 2 8 8 8 8 4 4 6 10 10
9 2 9 3 7 7 1 0 9 1 2 3 6 1 10 5 8 9 4 6 2
3 1 2 7 5 1 7 2 0 10 9 5 2 5 4 10 9 9 1 9 8
8 9 4 9 4 8 2 1 8 0 5 10 7 6 2 1 10 10 7 9 4
5 9 5 10 10 3 6 6 4 4 0 8 5 4 9 1 9 9 1 7 9
2 10 9 10 8 3 3 9 3 9 10 0 8 9 2 6 9 7 2 3 5
3 6 9 7 3 7 6 4 10 3 5 7 0 9 3 2 2 10 8 7 3
10 6 3 1 1 4 10 2 9 2 10 6 4 0 6 3 6 9 7 8 8
3 3 10 5 2 10 7 10 9 3 6 6 5 10 0 3 6 1 9 4 10
4 10 7 8 10 10 8 7 10 4 6 8 7 7 6 0 3 6 5 5 2
7 2 7 4 4 6 6 4 3 9 3 6 4 7 2 9 0 3 2 5 7
3 10 2 6 1 4 7 5 10 3 10 4 5 5 1 6 10 0 4 5 3
9 9 8 6 9 2 3 6 8 5 5 5 5 5 3 10 4 1 0 8 9
8 4 1 4 9 3 6 3 1 4 8 3 10 8 6 4 5 4 3 0 2
4 3 6 4 6 2 3 3 3 7 5 1 8 1 4 5 1 1 6 4 0
