11
0 8 5 1 10 5 9 9 3 5 6 6 2 8 2 2 6 3 8 7 2 5 3
4 0 3 2 7 9 6 8 7 2 9 10 3 8 10 6 5 4 2 3 4 4 5
2 2 0 9 8 5 3 8 8 10 4 2 10 9 7 6 1 3 9 7 1 3 5
9 7 6 0 10 1 1 7 2 4 9 10 4 5 5 7 1 7 7 2 9 5 10
7 4 8 9 0 3 10 2 4 6 10 9 5 1 8 7 4 7 2 6 5 3 1
10 8 4 8 3 0 1 2 7 6 8 6 5 2 3 1 1 2 5 7 1 8 2
8 8 8 8 4 4 0 10 10 9 2 9 3 7 7 1 4 9 1 2 3 6 1
10 5 8 9 4 6 2 0 1 2 7 5 1 7 2 9 10 9 5 2 5 4 10
9 9 1 9 8 8 9 4 0 4 8 2 1 8 4 5 10 7 6 2 1 10 10
7 9 4 5 9 5 10 10 3 0 6 4 4 4 8 5 4 9 1 9 9 1 7
9 2 10 9 10 8 3 3 9 3 0 10 1 8 9 2 6 9 7 2 3 5 3
6 9 7 3 7 6 4 10 3 5 7 0 9 3 2 2 10 8 7 3 10 6 3
1 1 4 10 2 9 2 10 6 4 3 6 0 6 9 7 8 8 3 3 10 5 2
10 7 10 9 3 6 6 5 10 2 3 6 1 0 4 10 4 10 7 8 10 10 8
7 10 4 6 8 7 7 6 9 3 6 5 5 2 0 2 7 4 4 6 6 4 3
9 3 6 4 7 2 9 7 3 2 5 7 3 10 2 0 1 4 7 5 10 3 10
4 5 5 1 6 10 7 4 5 3 9 9 8 6 9 2 0 6 8 5 5 5 5
5 3 10 4 1 8 8 9 8 4 1 4 9 3 6 3 1 0 8 3 10 8 6
4 5 4 3 2 2 4 3 6 4 6 2 3 3 3 7 5 1 0 1 4 5 1
1 6 4 2 1 7 8 6 1 1 5 6 5 10 6 7 5 9 3 0 7 9 4
2 5 9 5 10 3 1 8 1 7 1 8 1 6 7 8 4 9 5 10 0 7 6
8 8 5 6 8 10 9 4 1 3 3 4 7 8 2 6 6 5 1 3 7 0 7
2 2 2 8 4 1 1 5 9 4 1 2 3 10 1 4 9 9 6 8 8 1 0
