1000
1000
1000
1000
1000
1000
1000
1000
1000
1000
1000
1000
999
999
999
999
999
999
999
999
999
999
998
998
998
998
998
998
998
998
998
998
998
998
997
997
997
997
997
997
996
996
996
996
996
996
996
996
996
996
996
996
996
996
995
995
995
995
995
995
995
995
995
995
995
994
994
994
994
994
994
994
993
993
993
993
993
993
993
993
993
993
993
993
993
993
992
992
992
992
992
992
992
992
992
992
992
992
992
992
992
994
991
991
991
991
991
991
991
991
991
991
991
991
991
991
991
990
990
990
990
990
990
990
990
990
990
989
989
989
989
989
989
989
989
989
989
989
989
988
988
988
988
988
988
988
988
988
988
987
987
987
987
987
987
987
986
986
986
986
986
986
986
985
985
985
985
985
985
985
985
985
985
985
985
984
984
984
984
984
984
984
984
984
984
983
983
983
983
983
983
983
982
982
982
982
982
982
982
982
982
981
981
981
981
981
981
981
981
981
981
981
981
980
980
980
980
980
980
980
980
980
980
980
980
980
980
980
980
980
980
979
979
979
979
979
979
979
979
979
979
979
978
978
978
978
978
978
978
978
978
978
977
977
977
977
977
977
977
977
976
976
976
976
976
976
976
976
976
976
976
976
975
975
975
975
975
975
975
975
975
975
975
975
975
975
974
974
974
974
974
974
973
973
973
973
973
973
973
973
973
973
972
972
972
972
972
972
972
972
972
971
971
971
971
971
971
971
970
970
970
970
970
970
970
970
970
970
970
970
969
969
969
969
969
969
996
969
969
969
969
969
969
969
969
969
969
969
969
969
968
968
968
968
968
968
968
968
968
967
967
967
967
967
966
966
978
966
966
966
966
966
966
966
966
965
965
965
965
965
965
965
965
964
964
964
964
964
964
964
964
964
963
963
963
963
963
963
963
963
963
963
963
963
963
962
962
962
962
962
962
962
962
962
962
961
961
961
961
961
961
961
961
961
961
961
961
961
960
960
960
960
960
960
960
960
959
959
959
959
959
959
959
959
959
959
959
959
959
959
959
959
959
959
959
958
958
958
958
958
980
958
958
958
958
958
958
958
957
957
973
957
957
957
957
957
957
956
956
956
956
956
956
956
956
956
956
956
956
955
955
955
955
955
954
954
954
953
953
953
953
953
953
953
953
953
997
953
953
993
953
952
952
952
952
952
952
952
952
952
952
952
952
952
952
951
967
951
951
951
951
951
951
951
951
950
950
950
950
950
950
950
950
949
949
949
949
949
949
949
949
948
948
948
948
948
948
948
948
948
948
948
947
947
947
947
947
947
947
947
947
947
946
946
946
946
946
946
946
946
946
946
946
946
999
945
945
945
945
945
944
944
944
944
990
944
944
944
944
944
943
943
943
943
943
975
943
943
943
943
943
942
942
942
942
942
942
942
942
942
941
941
941
941
941
941
941
941
941
941
941
941
941
941
941
941
940
940
940
940
940
940
940
940
940
940
940
940
940
939
939
939
939
939
939
939
939
939
939
939
938
938
938
938
980
938
938
938
938
938
938
938
986
938
937
937
937
937
937
937
937
937
937
937
991
962
960
937
937
937
936
936
936
936
936
936
936
936
986
936
936
935
935
935
935
935
935
935
935
935
935
935
977
935
934
934
934
934
934
934
934
934
955
934
934
969
934
934
934
934
933
933
933
933
933
933
933
933
933
933
932
932
932
932
932
932
932
932
932
932
932
932
931
931
934
931
945
931
931
931
931
931
931
931
931
931
931
940
931
931
930
930
930
930
930
930
930
930
930
930
930
929
929
929
929
929
929
928
928
928
928
928
928
928
928
928
928
928
928
928
928
927
927
927
927
927
927
927
927
927
927
926
926
926
926
926
926
926
926
926
926
925
925
925
925
925
925
925
925
925
924
924
924
924
924
924
924
924
923
923
923
923
923
923
923
990
923
923
923
923
922
922
922
922
922
922
922
922
922
922
922
921
921
921
921
921
921
920
920
920
920
920
920
919
947
929
919
919
919
919
919
919
919
984
919
988
918
918
918
918
918
918
918
980
918
918
918
918
918
917
917
917
917
917
917
917
917
917
917
916
916
958
916
916
916
916
916
916
916
916
916
916
916
916
915
915
915
915
915
915
915
915
915
915
915
915
915
915
915
914
914
914
914
914
983
914
914
914
914
914
914
914
914
914
914
971
913
913
968
913
922
913
913
913
913
913
913
913
913
913
912
912
912
912
912
912
912
912
912
912
912
912
912
911
911
911
911
911
911
911
926
911
911
910
910
910
910
910
910
910
910
910
973
910
910
910
910
909
909
909
909
909
909
909
909
909
944
909
909
909
908
908
970
908
908
908
907
907
907
907
907
907
907
907
907
907
907
907
907
907
906
906
906
906
906
906
906
906
906
905
905
905
905
905
905
905
905
905
905
905
904
904
904
904
904
904
981
904
904
904
904
904
904
904
904
904
904
904
903
903
903
903
903
903
989
903
903
903
903
903
903
903
902
905
902
902
902
902
902
901
901
901
901
901
901
901
900
900
900
900
900
900
900
900
900
900
900
899
899
899
899
921
899
899
963
899
910
899
899
898
898
898
898
898
898
898
898
898
898
950
898
898
898
898
897
897
897
897
897
897
897
896
896
896
896
896
896
896
896
896
896
896
896
896
896
895
895
895
895
951
895
895
895
895
895
895
895
894
894
894
894
894
894
980
894
894
893
893
893
893
893
893
893
893
893
893
893
892
915
892
892
892
892
892
933
892
891
891
891
891
891
891
891
891
891
891
891
891
890
890
938
890
890
890
890
890
915
890
890
890
890
890
889
889
889
889
889
889
938
889
889
888
888
888
888
888
888
888
888
888
888
888
887
887
887
934
933
887
887
887
887
887
887
887
887
974
931
952
887
887
887
887
886
914
914
886
886
886
886
886
886
886
886
886
886
885
885
885
885
885
885
885
885
885
885
885
885
885
885
885
884
884
951
994
884
884
884
884
884
884
884
884
884
884
993
884
883
883
883
883
883
883
883
883
883
883
883
883
883
883
958
882
882
882
912
908
882
882
882
980
935
994
882
882
882
882
882
881
881
881
944
881
881
881
880
880
880
880
880
885
880
880
880
880
880
879
879
879
879
879
879
879
878
878
878
878
878
878
878
878
878
915
878
877
877
877
877
877
877
877
877
877
876
944
954
876
876
876
876
876
876
876
876
876
957
892
876
876
876
875
875
875
909
875
875
875
875
960
875
875
874
874
874
874
874
874
874
990
874
874
874
874
874
874
991
873
873
873
873
873
873
873
873
873
873
873
873
873
873
872
872
896
872
872
872
872
872
872
871
871
975
871
871
871
900
871
871
871
871
871
940
871
871
871
977
917
871
870
870
870
870
870
948
870
871
870
870
870
870
870
870
870
869
869
869
869
869
869
869
910
868
868
868
868
868
868
867
901
879
867
867
898
867
867
867
867
867
950
867
951
897
867
867
866
866
866
866
866
866
866
866
865
865
865
865
865
865
865
865
865
865
865
865
865
973
865
892
865
865
913
864
864
864
864
864
864
864
864
864
864
864
864
921
864
864
864
864
864
864
864
863
863
863
863
863
902
863
862
952
988
862
862
862
862
862
862
862
862
987
862
862
862
862
861
861
861
861
861
861
861
861
861
861
861
861
891
916
861
860
860
860
860
860
860
860
860
918
859
859
859
859
859
859
859
859
859
859
859
859
859
858
858
858
858
858
891
883
858
858
858
858
857
857
946
857
857
916
857
857
857
996
857
857
857
857
857
857
857
857
857
856
940
856
856
856
856
937
856
856
856
856
855
855
855
855
941
912
855
855
855
977
878
856
855
855
884
854
854
854
854
854
854
854
854
930
999
854
853
853
877
853
853
853
853
853
853
853
853
853
853
853
853
853
853
852
852
852
852
852
852
852
852
852
852
886
882
852
852
852
852
852
852
852
852
852
852
851
851
851
851
997
991
916
855
851
851
851
851
982
851
851
971
851
851
851
851
850
850
939
850
850
850
992
850
850
850
850
999
850
850
850
850
988
850
850
850
850
850
850
987
850
850
849
849
849
849
849
849
849
849
955
849
849
849
849
849
849
848
848
848
848
848
848
848
848
848
848
848
848
848
847
916
847
847
847
847
847
847
847
980
847
847
847
847
846
846
846
986
846
924
892
846
846
846
846
846
846
846
846
846
845
845
845
845
845
845
845
845
845
845
844
844
844
844
844
844
844
844
984
844
999
844
843
843
843
843
843
843
843
843
919
843
842
842
842
842
842
842
842
842
842
842
842
842
842
858
854
842
841
841
841
841
841
841
841
933
841
841
841
841
998
940
881
841
840
840
840
840
989
840
840
840
840
840
907
840
840
840
887
840
839
839
839
839
839
854
839
839
839
839
839
839
839
839
838
838
838
838
852
841
838
972
838
845
838
838
838
865
838
838
907
878
838
838
838
838
838
838
837
837
837
837
837
837
837
949
837
837
837
837
837
836
836
836
836
836
836
836
836
985
835
835
835
835
835
835
835
835
835
835
835
835
835
835
835
834
834
834
834
834
834
834
834
834
834
834
834
834
834
833
833
833
833
833
833
833
833
833
833
833
833
832
832
832
832
832
832
832
832
832
832
931
832
831
831
831
865
849
831
831
831
831
831
831
831
831
831
831
831
831
831
831
831
830
830
830
830
830
830
830
830
830
830
830
830
830
830
904
892
878
934
830
829
829
963
829
829
975
829
829
985
829
829
829
829
829
828
828
828
840
828
828
828
973
955
885
828
828
828
828
828
827
827
827
827
827
827
871
827
827
827
827
826
826
826
826
826
826
935
826
826
826
946
861
826
826
987
826
825
825
978
825
825
825
825
825
825
863
825
825
825
825
825
825
825
825
824
824
824
824
824
824
824
928
824
888
824
824
824
824
824
824
824
874
936
883
824
824
824
823
902
823
823
823
823
823
950
823
823
823
823
853
822
985
822
822
822
822
822
822
822
870
822
822
822
822
822
822
822
821
821
821
821
821
821
821
821
821
821
821
821
827
820
820
820
820
820
820
820
820
819
819
819
819
819
819
819
945
819
819
819
819
819
818
818
818
836
818
818
818
817
817
817
817
817
817
817
817
817
817
982
819
817
817
821
817
817
817
816
819
816
816
816
816
816
816
816
816
816
816
902
816
816
815
815
815
815
912
815
815
815
815
815
815
815
971
861
984
956
815
815
814
814
814
814
814
814
814
814
970
814
814
813
845
920
832
818
813
813
813
813
813
813
813
813
813
813
958
830
812
812
812
812
812
812
812
812
811
811
811
844
811
811
811
811
811
811
811
810
810
810
810
810
810
810
810
810
827
809
809
904
809
809
809
885
809
809
809
842
809
809
809
809
809
808
872
808
808
808
808
808
808
808
807
965
807
807
807
807
807
807
807
807
996
923
827
806
884
806
806
806
892
806
806
806
865
806
806
806
806
806
806
806
806
805
805
805
805
923
889
805
805
805
805
805
805
805
805
804
804
804
804
820
804
804
804
804
804
807
813
804
804
803
803
802
802
802
802
802
802
802
801
801
868
842
801
801
801
801
801
801
801
801
801
801
801
801
801
801
801
800
800
800
800
800
800
800
800
799
799
799
799
799
799
799
850
799
920
799
870
799
799
979
819
813
799
829
799
913
799
799
799
799
920
799
799
799
799
799
833
798
798
798
798
798
815
798
798
798
798
798
798
798
860
797
797
797
958
797
797
797
797
797
797
797
797
801
797
802
841
797
797
796
796
796
796
796
796
796
819
909
796
796
796
796
796
808
809
796
795
795
795
795
795
795
795
795
795
795
795
826
795
795
795
795
795
795
795
795
794
794
863
794
794
993
794
881
901
794
794
945
794
794
794
794
917
862
794
794
794
794
856
793
970
810
797
793
793
793
793
793
793
792
792
882
792
792
792
792
850
792
841
965
792
792
791
791
791
791
791
791
791
987
896
910
929
882
791
791
791
790
790
790
790
790
790
790
789
789
789
789
789
930
789
873
789
789
789
882
789
789
810
788
788
866
788
803
945
788
788
788
788
789
788
788
788
961
915
788
788
788
788
788
787
787
787
787
804
787
787
787
787
787
786
786
786
786
786
786
916
786
786
862
786
786
786
786
786
785
785
785
785
785
785
785
785
785
785
785
784
784
784
868
784
870
901
784
784
784
784
784
784
784
784
784
784
784
784
985
849
784
894
784
784
784
784
783
783
783
783
783
783
783
783
783
783
783
783
783
783
782
782
782
954
782
782
834
830
782
782
782
782
782
782
781
781
781
781
781
781
781
781
781
781
781
819
973
963
781
781
781
781
781
1000
962
780
780
853
780
780
780
780
780
780
780
780
780
780
780
780
780
779
779
779
779
779
924
779
953
779
779
779
779
779
779
778
778
778
778
778
778
778
778
778
778
778
778
778
837
778
778
777
777
777
777
777
777
777
777
909
777
777
776
912
832
776
776
776
776
776
776
899
776
841
828
776
776
967
905
858
776
840
775
775
775
775
944
983
808
927
775
775
775
774
774
774
774
774
774
774
774
815
774
774
774
774
773
773
773
773
773
773
888
797
778
773
869
773
773
773
773
773
773
868
773
979
772
808
772
772
772
772
772
778
772
772
772
772
771
771
771
771
771
771
771
771
771
771
841
771
771
771
771
770
770
770
770
770
770
770
770
770
770
770
770
770
770
770
769
769
769
769
769
810
943
880
817
769
769
769
998
973
769
769
769
769
769
769
768
768
768
839
828
874
768
768
768
768
994
975
870
844
768
877
849
777
768
768
768
767
767
767
767
767
767
875
767
968
938
869
790
767
767
767
767
767
867
767
767
766
766
896
766
766
766
766
766
766
766
929
999
913
892
994
790
766
766
766
765
765
765
906
765
765
765
765
765
989
913
765
765
765
916
765
819
764
834
764
764
920
764
764
764
973
764
798
764
764
764
848
764
764
764
764
764
764
763
763
763
840
763
990
763
763
763
763
763
763
763
762
910
762
762
762
762
762
762
829
847
762
762
762
762
762
804
790
762
761
881
761
761
761
761
980
761
761
761
811
792
761
795
976
930
867
760
760
760
760
760
952
760
760
760
760
760
987
760
975
760
760
895
889
760
760
759
759
759
759
759
831
759
1000
759
759
758
855
758
758
758
758
758
758
758
758
758
758
946
890
758
757
757
757
757
757
757
757
757
756
756
756
756
756
756
756
756
756
756
755
755
755
755
755
760
755
755
755
755
755
755
755
982
755
968
911
878
868
796
870
754
754
915
754
754
754
754
754
754
754
754
754
754
963
970
925
892
758
754
925
754
837
754
754
754
754
977
753
753
895
753
753
753
753
753
851
790
753
911
753
753
799
753
753
753
753
753
753
753
753
753
867
752
942
828
808
802
752
822
752
841
752
752
752
752
752
752
752
964
806
751
859
830
814
751
751
751
751
751
751
751
751
751
751
751
751
751
751
918
925
844
751
937
751
1000
767
751
750
750
750
750
750
863
750
750
750
750
749
974
749
749
749
749
749
749
806
769
748
748
748
748
748
748
748
747
747
747
747
747
747
956
747
747
747
747
746
746
746
746
746
998
746
996
746
746
746
746
746
746
745
751
891
745
745
745
745
745
745
745
744
825
744
744
744
744
744
934
744
744
744
744
915
913
764
744
949
744
744
743
743
743
743
743
743
963
743
743
743
798
743
743
743
743
743
742
742
799
742
742
742
756
779
742
742
844
878
742
742
742
742
742
780
742
742
741
741
741
741
770
893
741
741
741
741
808
741
741
741
741
741
741
741
741
741
741
741
740
945
908
740
740
914
740
948
740
961
740
830
740
740
905
986
740
956
740
740
740
740
740
740
943
808
740
740
740
739
933
739
739
739
869
739
739
739
991
739
739
739
932
738
738
738
738
738
832
738
738
738
738
738
762
738
843
738
738
738
738
738
737
737
952
787
737
737
819
761
737
737
887
737
737
737
737
737
737
965
929
737
933
736
736
736
736
736
736
736
736
736
736
735
735
735
735
735
735
735
734
973
891
734
734
734
734
734
999
953
860
800
734
734
734
734
742
734
734
734
734
734
734
734
734
935
734
734
734
734
733
781
733
733
733
733
741
733
733
857
733
733
733
733
785
733
733
733
830
732
732
732
732
732
956
788
877
732
732
732
732
732
732
732
731
731
731
740
731
731
731
891
731
731
731
731
731
731
730
939
815
730
947
738
730
730
730
730
730
730
730
730
730
730
730
730
730
932
730
730
729
729
729
729
729
729
729
729
729
729
729
729
728
909
906
728
821
728
728
728
728
728
728
763
728
728
861
749
924
728
727
727
727
727
727
822
727
727
727
988
727
727
727
735
727
753
727
883
843
727
727
726
726
768
890
726
726
769
726
726
726
726
726
726
726
726
726
726
726
726
725
937
725
725
924
824
725
725
725
725
725
725
725
724
724
975
909
789
724
724
724
724
724
780
901
724
724
890
786
724
724
724
724
983
913
897
724
724
724
724
723
840
723
723
723
723
723
723
723
723
723
723
985
723
723
722
722
722
722
870
722
722
722
833
722
722
721
796
910
744
721
973
842
765
747
721
977
965
721
825
882
782
721
721
721
941
721
721
721
800
960
724
721
721
721
721
721
721
929
721
721
720
720
732
720
720
720
720
720
720
720
720
720
720
720
720
720
720
720
935
849
720
720
720
719
855
765
719
719
719
719
944
962
719
719
964
899
848
821
810
752
719
719
719
719
719
719
719
719
718
718
718
718
802
718
906
853
774
718
718
718
718
718
718
979
986
718
718
990
805
718
718
718
718
956
717
771
717
761
717
717
797
976
749
717
717
976
717
717
717
716
716
716
716
716
716
767
716
716
857
787
716
769
716
731
716
848
716
716
715
715
715
715
715
715
715
715
829
715
715
715
715
715
715
743
715
714
714
714
944
888
865
791
939
783
714
714
714
993
961
920
714
714
714
714
746
714
714
923
922
714
714
714
714
714
714
713
713
713
713
713
713
713
713
713
713
850
947
713
848
837
712
850
712
712
712
787
712
754
957
712
712
712
712
712
935
921
712
712
964
712
970
816
711
711
895
711
711
711
711
711
711
711
893
711
711
711
710
710
831
710
710
873
989
946
867
710
710
960
710
710
710
710
710
710
709
709
709
919
709
987
904
832
709
912
855
709
856
709
709
709
709
709
974
958
709
708
708
708
708
835
894
708
708
708
942
708
708
708
707
707
707
707
707
707
707
707
946
889
707
707
758
707
707
944
878
792
707
707
987
707
707
982
977
910
827
769
707
707
707
707
707
706
960
719
791
706
973
706
706
706
706
706
706
737
706
706
706
951
706
705
853
705
838
705
774
705
705
705
705
964
943
705
705
705
705
705
704
726
704
704
867
704
704
704
704
704
704
704
808
852
704
704
904
791
751
704
784
704
704
703
703
703
703
703
703
703
703
703
703
702
702
702
916
702
954
702
702
702
702
702
702
702
702
702
702
702
702
702
701
859
793
701
701
749
701
861
757
701
701
701
701
701
911
701
701
701
701
701
701
737
700
700
700
700
700
958
700
936
700
700
699
699
699
699
699
947
699
724
698
698
698
698
698
974
698
698
968
857
698
698
698
698
698
697
697
697
697
697
697
697
697
697
697
732
697
771
697
697
697
697
697
696
852
696
696
696
696
696
696
696
696
974
922
696
696
696
696
696
696
746
696
696
696
696
723
930
780
708
695
695
695
695
695
695
695
695
891
695
695
695
695
752
695
695
977
695
865
695
695
695
694
694
694
694
694
694
694
912
694
928
694
742
694
694
694
694
694
694
694
694
693
693
693
693
693
693
693
693
929
693
700
693
693
693
693
693
960
938
897
858
959
789
778
717
693
692
692
692
692
946
855
857
990
840
806
692
692
692
980
881
692
692
692
692
692
692
692
692
692
767
692
998
954
915
694
692
692
692
691
691
691
691
691
691
727
691
719
691
691
691
691
691
750
691
691
691
691
691
691
891
691
691
949
712
691
691
915
690
690
690
690
690
690
690
690
801
722
690
689
952
930
689
689
689
689
689
729
689
689
737
689
689
689
689
689
689
689
928
689
689
689
689
688
688
688
688
688
739
929
729
790
688
688
768
710
688
688
688
688
688
688
688
740
961
703
688
969
859
810
688
687
891
765
687
764
687
687
993
687
687
687
687
816
687
793
695
856
687
687
687
988
958
779
902
823
915
933
743
928
770
687
687
687
858
990
799
740
687
687
982
832
687
752
686
686
686
817
686
686
686
686
686
686
686
686
686
686
686
686
686
686
686
686
686
685
800
685
685
685
701
685
685
728
685
685
685
685
685
685
685
685
685
685
684
896
850
725
684
684
684
684
994
739
684
684
684
684
684
684
684
684
684
974
940
855
857
684
684
911
882
739
888
684
684
684
684
921
713
922
683
683
683
699
683
683
683
683
683
683
683
683
682
682
682
938
682
682
682
682
682
682
774
994
726
701
687
682
682
682
999
682
681
782
747
681
681
681
681
930
681
681
681
680
680
680
731
680
680
680
680
680
680
680
680
680
680
680
718
817
679
679
679
679
679
679
679
679
679
679
790
679
718
990
714
679
679
679
679
716
679
872
679
869
678
678
678
678
678
678
958
746
878
744
857
678
678
932
678
757
678
810
678
678
678
678
678
677
677
677
677
677
677
677
832
677
677
677
677
677
810
947
677
981
677
677
977
937
677
677
677
985
677
677
676
676
676
676
676
726
676
676
676
675
812
675
675
675
712
675
949
675
675
675
675
910
906
963
948
698
690
675
841
675
675
904
960
819
733
675
675
675
675
801
674
674
674
727
674
674
674
674
674
674
864
699
674
674
674
674
674
674
674
674
974
674
673
673
673
841
673
673
682
673
673
673
885
673
673
673
673
672
672
672
672
672
672
672
672
672
697
672
763
672
672
672
672
672
672
672
672
672
672
774
734
672
671
671
834
905
863
850
671
671
671
671
671
754
671
671
671
671
671
671
671
958
921
671
671
671
671
671
671
671
935
839
826
675
671
671
671
910
919
831
671
670
677
670
746
670
670
670
670
670
755
670
670
670
670
670
670
682
670
670
670
989
671
670
670
669
669
669
765
976
927
669
669
669
669
726
669
669
832
751
669
669
899
669
669
669
669
668
668
668
668
668
833
668
668
668
668
668
919
883
799
943
946
735
668
668
795
701
999
996
780
667
667
667
667
667
667
667
667
667
666
666
666
674
936
885
666
666
666
666
666
981
882
666
666
993
780
666
853
666
923
792
666
751
666
940
666
666
666
665
665
665
999
665
709
665
665
733
970
665
964
665
665
985
790
880
752
730
695
665
665
665
665
665
665
664
664
664
899
867
728
697
664
664
664
993
664
903
816
