100
33 7451
23 29952
62 3878
68 14568
21 6352
96 2881
85 32091
2 5
90 23621
14 31560
58 18381
67 7122
99 9394
20 14606
18 14142
87 30755
94 387
42 15456
42 22245
30 30429
27 18648
24 6495
26 20715
69 12413
12 23558
49 26881
10 6895
83 1169
87 15379
0 399
12 29316
38 31293
47 28222
15 32549
36 10670
66 28856
52 12405
91 7221
10 17257
57 8140
54 32220
77 23044
12 24610
25 26714
34 25421
32 31018
33 31291
16 29907
49 9171
4 16919
31 29323
8 10688
67 11565
61 7561
82 27868
37 26171
93 23634
14 32023
63 31851
29 5236
79 4583
75 5033
58 8299
19 2605
68 5834
79 24061
36 4227
64 14654
17 20619
62 31524
45 22860
93 12306
17 17901
76 21763
51 18644
79 27176
8 29545
92 6354
54 11037
22 28819
39 28588
34 32672
54 22174
94 19066
21 24596
54 26318
64 2241
24 15769
17 15671
11 14479
89 4708
12 24254
6 26460
9 9327
10 21593
49 29261
42 2815
71 10185
42 3045
74 7356