1000 1000
2 3
2 1
4 3
4 1
5 6
5 3
5 1
8 3
8 1
9 3
9 1
14 1
17 3
17 1
20 6
20 3
20 1
22 3
22 1
23 1
25 3
25 1
27 6
27 3
27 1
28 11
28 7
28 6
28 3
28 1
33 7
33 6
33 3
33 1
34 3
34 1
41 1
44 3
44 1
45 3
45 1
46 3
46 1
47 6
47 3
47 1
52 6
52 3
52 1
53 3
53 1
54 6
54 3
54 1
55 6
55 3
55 1
56 11
56 7
56 6
56 3
56 1
58 1
59 6
59 3
59 1
60 6
60 3
60 1
65 3
65 1
67 11
67 7
67 6
67 3
67 1
68 6
68 3
68 1
71 6
71 3
71 1
74 11
74 7
74 6
74 3
74 1
75 3
75 1
79 6
79 3
79 1
82 1
86 1
87 12
87 11
87 7
87 6
87 3
87 1
88 3
88 1
92 1
94 1
98 1
99 6
99 3
99 1
100 1
101 3
101 1
102 1
103 7
103 6
103 3
103 1
104 6
104 3
104 1
106 3
106 1
107 1
111 6
111 3
111 1
112 11
112 7
112 6
112 3
112 1
115 1
117 7
117 6
117 3
117 1
124 6
124 3
124 1
125 1
128 3
128 1
130 1
131 1
132 7
132 6
132 3
132 1
133 3
133 1
136 7
136 6
136 3
136 1
139 3
139 1
140 3
140 1
144 11
144 7
144 6
144 3
144 1
145 6
145 3
145 1
147 1
148 1
154 1
155 7
155 6
155 3
155 1
156 1
161 11
161 7
161 6
161 3
161 1
164 6
164 3
164 1
166 6
166 3
166 1
175 1
176 6
176 3
176 1
177 3
177 1
180 6
180 3
180 1
182 3
182 1
184 1
187 12
187 11
187 7
187 6
187 3
187 1
189 3
189 1
191 1
196 3
196 1
197 3
197 1
198 1
201 1
205 6
205 3
205 1
210 3
210 1
211 6
211 3
211 1
213 6
213 3
213 1
214 3
214 1
215 7
215 6
215 3
215 1
217 1
220 6
220 3
220 1
222 1
224 6
224 3
224 1
226 3
226 1
232 1
233 1
236 1
237 3
237 1
238 6
238 3
238 1
239 1
241 6
241 3
241 1
242 1
245 3
245 1
247 3
247 1
248 1
249 7
249 6
249 3
249 1
250 1
251 1
254 3
254 1
255 1
258 3
258 1
259 1
263 6
263 3
263 1
264 3
264 1
266 1
271 6
271 3
271 1
272 3
272 1
277 6
277 3
277 1
278 3
278 1
279 3
279 1
283 1
285 1
286 1
291 3
291 1
294 3
294 1
295 3
295 1
296 1
297 7
297 6
297 3
297 1
299 6
299 3
299 1
300 1
301 6
301 3
301 1
302 3
302 1
303 12
303 11
303 7
303 6
303 3
303 1
304 12
304 11
304 7
304 6
304 3
304 1
313 1
314 6
314 3
314 1
315 3
315 1
316 1
317 1
319 3
319 1
321 13
321 12
321 11
321 7
321 6
321 3
321 1
323 1
325 6
325 3
325 1
327 1
328 3
328 1
333 6
333 3
333 1
334 6
334 3
334 1
335 1
338 1
346 1
347 3
347 1
348 3
348 1
350 6
350 3
350 1
352 1
353 6
353 3
353 1
356 1
357 3
357 1
358 1
360 6
360 3
360 1
361 7
361 6
361 3
361 1
363 6
363 3
363 1
364 6
364 3
364 1
367 1
368 1
371 3
371 1
374 1
375 1
381 3
381 1
382 1
383 3
383 1
384 3
384 1
388 1
389 11
389 7
389 6
389 3
389 1
392 3
392 1
394 6
394 3
394 1
395 1
398 1
409 6
409 3
409 1
410 1
416 11
416 7
416 6
416 3
416 1
417 6
417 3
417 1
418 1
420 1
422 1
423 3
423 1
424 1
426 11
426 7
426 6
426 3
426 1
427 1
428 3
428 1
431 1
434 3
434 1
435 6
435 3
435 1
436 1
438 3
438 1
441 6
441 3
441 1
442 1
443 6
443 3
443 1
444 3
444 1
448 12
448 11
448 7
448 6
448 3
448 1
450 16
450 15
450 13
450 12
450 11
450 7
450 6
450 3
450 1
451 1
452 3
452 1
456 6
456 3
456 1
458 6
458 3
458 1
459 1
463 1
466 3
466 1
467 7
467 6
467 3
467 1
469 1
473 1
474 3
474 1
475 3
475 1
476 6
476 3
476 1
478 6
478 3
478 1
482 3
482 1
483 6
483 3
483 1
485 6
485 3
485 1
488 7
488 6
488 3
488 1
492 6
492 3
492 1
499 7
499 6
499 3
499 1
500 1
501 1
505 1
507 6
507 3
507 1
508 3
508 1
509 6
509 3
509 1
511 6
511 3
511 1
515 1
517 1
520 1
521 3
521 1
523 7
523 6
523 3
523 1
524 1
526 6
526 3
526 1
527 1
528 3
528 1
529 1
530 3
530 1
532 3
532 1
534 1
540 11
540 7
540 6
540 3
540 1
543 1
546 6
546 3
546 1
549 1
550 3
550 1
553 7
553 6
553 3
553 1
559 6
559 3
559 1
561 6
561 3
561 1
568 7
568 6
568 3
568 1
571 11
571 7
571 6
571 3
571 1
572 3
572 1
576 1
578 6
578 3
578 1
581 3
581 1
586 7
586 6
586 3
586 1
587 3
587 1
592 3
592 1
594 1
597 1
598 1
601 1
604 1
606 1
607 3
607 1
608 6
608 3
608 1
611 6
611 3
611 1
613 7
613 6
613 3
613 1
619 7
619 6
619 3
619 1
620 6
620 3
620 1
622 3
622 1
626 6
626 3
626 1
630 3
630 1
631 1
635 3
635 1
636 6
636 3
636 1
637 6
637 3
637 1
639 1
640 3
640 1
642 1
643 3
643 1
648 1
649 7
649 6
649 3
649 1
650 6
650 3
650 1
651 1
652 1
653 6
653 3
653 1
657 3
657 1
658 7
658 6
658 3
658 1
659 3
659 1
660 3
660 1
661 3
661 1
662 1
665 6
665 3
665 1
666 3
666 1
668 1
671 7
671 6
671 3
671 1
672 3
672 1
677 1
681 3
681 1
682 7
682 6
682 3
682 1
685 1
686 1
687 3
687 1
691 3
691 1
695 6
695 3
695 1
696 1
700 6
700 3
700 1
703 3
703 1
706 3
706 1
710 6
710 3
710 1
715 1
723 1
726 7
726 6
726 3
726 1
729 3
729 1
735 3
735 1
738 11
738 7
738 6
738 3
738 1
741 3
741 1
742 3
742 1
744 3
744 1
746 11
746 7
746 6
746 3
746 1
749 3
749 1
751 3
751 1
754 1
755 1
756 1
758 1
761 1
765 1
766 1
767 1
768 6
768 3
768 1
769 3
769 1
770 3
770 1
772 3
772 1
773 7
773 6
773 3
773 1
777 6
777 3
777 1
778 3
778 1
779 3
779 1
781 3
781 1
784 1
790 3
790 1
792 1
797 1
798 1
799 1
800 1
802 1
804 7
804 6
804 3
804 1
806 11
806 7
806 6
806 3
806 1
807 6
807 3
807 1
809 11
809 7
809 6
809 3
809 1
810 3
810 1
811 6
811 3
811 1
812 6
812 3
812 1
813 1
814 6
814 3
814 1
818 7
818 6
818 3
818 1
819 3
819 1
820 6
820 3
820 1
822 7
822 6
822 3
822 1
825 6
825 3
825 1
827 6
827 3
827 1
830 11
830 7
830 6
830 3
830 1
831 6
831 3
831 1
833 3
833 1
834 3
834 1
838 3
838 1
840 7
840 6
840 3
840 1
841 6
841 3
841 1
843 1
851 1
853 3
853 1
855 1
856 1
857 3
857 1
860 6
860 3
860 1
861 1
862 3
862 1
863 11
863 7
863 6
863 3
863 1
865 6
865 3
865 1
867 6
867 3
867 1
870 3
870 1
874 6
874 3
874 1
875 7
875 6
875 3
875 1
876 7
876 6
876 3
876 1
878 12
878 11
878 7
878 6
878 3
878 1
881 1
884 3
884 1
885 6
885 3
885 1
890 6
890 3
890 1
892 7
892 6
892 3
892 1
894 6
894 3
894 1
895 7
895 6
895 3
895 1
896 6
896 3
896 1
900 3
900 1
901 6
901 3
901 1
903 1
904 6
904 3
904 1
906 1
909 1
910 1
911 1
918 1
920 3
920 1
925 3
925 1
926 6
926 3
926 1
932 6
932 3
932 1
935 11
935 7
935 6
935 3
935 1
937 1
939 3
939 1
940 7
940 6
940 3
940 1
942 6
942 3
942 1
943 6
943 3
943 1
945 6
945 3
945 1
946 1
948 7
948 6
948 3
948 1
951 7
951 6
951 3
951 1
957 7
957 6
957 3
957 1
963 3
963 1
965 3
965 1
966 3
966 1
967 1
970 6
970 3
970 1
973 11
973 7
973 6
973 3
973 1
978 3
978 1
979 3
979 1
983 1
984 1
991 3
991 1
998 1
1000 6
1000 3
1000 1